6541 6002
6602 7623
6161 6779
6581 5201
6165 6787
6543 6427
6162 6628
5870 7554
6295 3848
6280 3800
5834 7652
6539 5488
6432 5985
5993 4510
6927 5982
6488 7250
6351 6626
7026 6759
6246 7174
6732 4945
6330 5316
6886 4353
6357 4536
6109 5232
6145 4105
5954 6726
6544 4638
6336 5593
6356 7128
6401 6416
5897 4170
6586 7629
7016 4441
6658 4122
6695 7501
6380 7337
5965 4268
5872 3897
7004 6368
6054 3836
6417 4691
6120 4156
6131 6015
6576 4595
6199 6135
6863 7620
6189 5444
6958 4622
6021 3964
6258 7161
6378 7514
6022 5039
6126 7344
5856 6463
6782 7481
6519 7649
6251 3723
5984 7646
6646 3862
5804 7613
6448 4726
5937 4375
6896 7659
6542 5809
6009 6961
6648 7701
6593 6213
6876 7786
6474 5018
6786 4224
6163 5715
6102 4607
6205 7631
6605 3842
6572 4359
6332 6324
6247 6174
6040 6791
6786 4119
6578 6130
6221 4241
6539 5712
6900 5480
5903 7324
5955 4467
6678 5654
6024 4348
6779 4697
6038 6446
6724 4341
6265 4839
6078 5904
6065 6748
6922 4517
6793 4394
6659 4904
6221 4590
6552 5188
6804 6437
6616 3995
6881 5425
5973 5168
7027 3881
6379 4520
6170 7611
6280 6483
6246 4950
7004 6057
6369 7410
6116 4169
6510 6850
6504 7684
6323 5686
7034 4449
5948 5783
6151 7026
6682 4742
6274 3806
6560 4061
6383 4244
6619 4046
5885 7469
6874 7348
6742 5261
6115 4248
5971 4543
6077 6759
6228 3787
6196 4292
6568 7226
6972 6193
6606 5335
5831 4595
6005 4577
6994 4127
6355 5980
6535 5876
6782 4742
6002 5444
6813 6548
6603 6971
6131 6983
7011 7771
6359 6805
6909 4468
6847 5676
6167 7332
6321 5040
6159 6739
6720 3868
5841 7681
6730 7579
5822 5082
6527 3925
6184 5898
6566 4463
6118 6075
6589 5603
6316 7659
6787 5113
5813 3809
6401 3724
6939 5104
6687 7459
6597 6509
6060 7656
6141 7243
6604 6669
6943 5912
5839 4899
6015 4940
6354 5729
6037 4284
6600 3818
6745 5979
6438 5797
6189 6233
6943 5947
6707 3983
5978 5961
6563 7208
6609 7600
6861 5915
5880 6229
6976 5292
6284 4540
6334 5864
6654 7249
5875 3913
5944 7330
6963 5972
6564 7034
6715 6092
6049 5322
6495 5436
6295 6761
6675 4026
6472 4903
6730 4023
6357 7189
6299 3877
5859 5934
6089 5224
6097 3746
6131 6490
6994 3786
6499 4217
6717 5505
6622 7763
6335 4272
6911 4689
6302 4794
6708 6941
6740 6532
6936 6177
6281 4324
6182 6444
6665 4907
6273 5149
6250 6703
6206 6873
6985 6491
6863 4721
6005 7543
6562 6936
5899 7459
6504 5805
6619 5457
6266 6670
6131 6197
5900 3991
6872 5056
6192 6337
7042 4651
6891 5237
6339 4367
5937 7686
6612 7076
7042 7336
6207 4405
6741 5676
6284 3725
6262 3878
6667 6849
6012 5865
6925 4822
6965 5834
5879 5427
6632 7249
6748 5159
6770 7573
6293 7301
6527 5302
6456 3810
6050 4836
6333 7145
6917 6326
5899 6926
5987 4690
5927 4403
6486 4391
6602 7295
6892 4992
6834 7616
6111 6969
6219 5013
6335 6580
6294 6457
6325 3842
5860 7044
6612 5409
6238 7284
6854 6207
6940 6262
6661 6877
5848 6451
6760 7259
5844 6886
6831 7255
5852 7024
6152 7198
6113 6059
6264 4064
6788 4974
5891 5995
6968 4298
6713 5244
6115 6313
6539 5183
6558 4340
6428 4739
6822 6372
6445 5156
6878 6230
5913 5863
6534 7735
6400 6050
6226 5168
6696 6633
6807 5720
6722 4596
6221 7110
6798 4529
6409 7713
6708 4653
5912 7535
6378 5129
5865 7649
6414 6872
6545 4476
6053 4048
6864 3802
6211 6064
5828 5796
6240 5466
6343 6943
6573 3906
6903 6191
6446 5818
6164 7231
6804 7795
6962 4347
6996 7073
6903 4162
6396 5416
6196 7380
6244 6305
5906 5011
6021 4530
6929 3753
6071 7547
6640 4366
7044 5349
6500 6819
6937 4778
6826 7242
6342 3725
6441 4908
6515 4948
6932 4683
6528 6823
6022 6448
5840 6969
6277 6008
6816 6441
6678 5682
6926 3898
6910 4228
6494 6956
6619 5439
6963 6454
6938 4388
6621 4585
6036 5449
6929 7031
6639 5509
6356 5621
5964 6928
6397 7160
6397 5402
6083 6038
6515 5537
6674 6686
6967 6733
5995 3946
6073 7695
6877 4370
6507 5157
6225 6117
6916 7068
6561 3974
5932 4051
6818 5226
5928 4041
6874 5860
6419 5281
6003 6125
6216 5224
6121 5411
6914 7330
6366 5827
5935 4235
6995 5644
6191 4603
6474 6744
6700 4396
6927 6421
6791 6948
5923 7706
6728 7021
6749 6881
6952 5429
6801 3837
6037 5206
6012 7137
6291 6226
6067 3840
6886 7636
6359 5454
6796 4411
6064 4933
6126 4562
6297 5456
6263 6816
6985 4947
7017 6151
6845 6924
6731 6924
6424 7150
6506 5155
6610 7471
6725 6659
6811 7561
6263 4031
6853 3969
6758 7155
6773 3751
6898 7602
6765 3962
6873 3994
6220 3786
5824 4361
6616 5177
6541 7287
6896 6167
6708 4524
5948 4595
6988 3921
5889 5180
6598 7502
6916 5111
6823 7569
6993 5065
6064 4094
6288 4405
5946 7539
6264 7450
6215 4609
6490 5667
6600 5645
6365 7520
6943 4893
6895 7121
5868 5087
6218 4706
6391 7601
6481 5891
6891 5988
5859 4908
6674 5371
6039 5147
6752 5602
6903 7301
6460 4174
6889 5290
6992 6343
6383 5920
6546 6382
6892 4112
6570 4129
6605 4749
5898 4014
6311 6072
5942 4519
5862 3773
6483 6546
6694 6293
6785 4705
5797 3860
6890 6509
6095 4445
6522 4613
6829 5950
6730 7537
6176 5801
6015 4019
6823 6942
6483 4779
6529 5074
5861 6015
6868 5974
6362 7498
6030 6588
6256 6628
6156 5397
6122 5019
5883 4263
6010 6093
7002 7646
6089 5916
6311 4303
6243 6590
5847 7492
6589 6762
6142 5931
6381 6587
6214 5931
6516 7532
7005 6462
6242 7155
6313 7004
5943 4962
6229 7399
6779 7718
6137 4937
6765 3899
6315 7779
7015 4119
5984 6052
5883 6262
5946 6935
6088 7788
6132 7077
6075 6195
6191 5272
5817 3795
6572 5531
6584 4982
6330 6124
6370 4129
6436 5206
6197 5727
6246 7737
6362 5633
6001 7047
7035 4021
6440 5614
6407 5654
6514 4887
6379 5417
6950 4068
6885 4712
6104 6775
6756 5212
6996 7458
6243 4339
6088 4114
6273 6496
6903 6786
6713 5741
6607 7431
7009 7567
6473 6303
6548 5777
6162 7718
6499 6878
6784 4561
5952 5666
7024 3730
6040 6605
6427 4197
6597 7452
5853 5828
5803 5458
6466 6404
6810 7067
6359 6485
6762 7513
6971 3949
6830 5355
5966 4027
6478 4601
6912 4283
6106 7453
6936 4267
6810 4505
6637 5619
6310 7045
6297 7785
6036 4748
6043 5565
6832 7793
6956 7063
6440 7773
6112 5349
6553 6238
6733 4227
6365 4460
6342 7347
6393 6535
6835 7734
6228 4518
6129 6183
6083 5542
6410 6715
6536 4690
5843 5952
6172 6911
6637 5528
6648 5720
5966 7009
6242 7245
6045 4366
7012 7688
6493 7168
6911 5487
5957 5285
6595 7201
6087 5788
6163 5414
5990 5928
7033 6839
5948 4799
6099 4935
6638 6139
6029 5113
6937 5391
6198 4611
6258 6709
6090 7207
5902 4011
6888 6926
5951 5034
5829 7686
5996 5324
6131 7091
6388 4753
6970 6997
6057 5667
6623 5656
5796 5965
6473 6516
5816 6971
5907 7319
6187 4687
6446 7173
6567 7204
5798 6947
5951 5254
6822 5872
6231 4940
6918 5236
6218 4563
6210 7036
6460 4982
6370 5076
6509 7805
6586 3950
6954 7421
6672 4089
6754 3832
5965 6083
6511 4933
5801 7149
6481 6541
6071 6460
5819 5424
5905 7605
5852 6058
5828 6096
5926 5185
5991 6975
6427 5030
5943 7100
6814 7441
6172 4061
6137 6649
5971 5628
6556 7725
5947 4205
6655 4590
6033 3768
5826 7811
5972 7624
6985 4625
6210 4298
7020 5555
6027 4754
6768 4118
6327 4986
6900 4100
5959 6944
5815 6185
6073 5194
6002 4848
6302 5839
6673 7218
6263 7733
6619 4548
6886 7749
6943 5868
6897 4929
6392 6075
6864 3811
5903 6511
6529 5627
6344 6429
5961 6467
6835 4364
6002 5593
6526 3953
6101 6681
6348 4626
6124 6514
6490 5916
6909 5013
6791 6538
6658 7636
7032 7288
6431 4330
6559 6517
5847 5193
6613 6477
5827 7273
6741 5682
6396 4085
5901 6391
6383 4128
7038 5159
6218 7445
6371 6216
5909 3962
6350 6727
6067 4862
6322 6434
6847 5074
6236 4804
6031 6094
6145 7120
6463 3960
6795 5347
5897 4149
7030 7712
6666 5530
6772 3804
6343 4377
6242 4715
5841 4785
6826 4567
6567 5038
6422 7579
6779 7739
6216 5451
5918 6471
6714 5322
6262 4266
5898 4544
6655 3813
6112 4637
6129 5651
6587 6294
6790 6904
6160 4883
6237 6107
6595 5409
6577 7127
6124 5257
6403 6561
5807 6088
6037 6833
6144 6656
6035 4763
6744 4233
6234 4963
6005 5965
6780 5373
6072 6164
6178 4697
6077 7681
5886 5528
6016 5108
6089 5433
6626 7357
6168 6187
6096 5228
6645 3790
6932 4549
6033 4411
6438 6604
6926 3788
6899 7201
5897 5906
6229 5085
6077 3939
6234 4485
6807 5733
6948 4708
6209 5729
6797 7709
6142 4527
6245 6780
6695 4376
6637 3869
5817 4741
6329 5129
5858 4348
6395 6283
6738 5362
6452 4472
5934 7787
5988 4465
6135 3917
6030 5149
6727 5696
5930 5016
6338 6611
6115 6964
6685 6026
6744 5503
6167 4386
6912 6356
6579 7003
6760 5887
6181 6969
6981 5657
5870 5637
6821 5707
6402 4101
5860 5641
6542 4081
6113 6256
6290 5073
6115 7285
6592 3985
6147 5187
5920 5923
5817 5524
6949 4594
7009 5458
6458 5865
5929 3828
6677 7402
6368 6083
6218 5040
6167 4884
6635 7213
6107 7653
5949 4426
6676 5263
6456 6007
6293 6733
6258 3889
6905 5929
7043 5951
6884 5005
6637 4601
6364 5010
6522 3876
7017 7234
5999 7696
6021 6422
5974 3875
6158 3835
6348 7370
6666 4290
6739 7349
6700 7144
6691 7555
6827 7573
5903 4935
6843 7328
6069 6712
5845 5303
6175 6724
5934 5442
6781 5938
6028 7568
5904 5696
6762 7393
7019 6928
6485 4189
6690 6042
6397 6443
6395 6287
6419 4484
6208 6130
6143 5457
6525 5873
5969 6079
6295 4893
5865 7566
6018 5274
6782 4762
6230 5507
6423 7160
6223 3857
6208 4601
6060 5723
6977 7787
6299 4823
6607 6816
6333 6797
5966 5691
6110 5866
6982 6413
6909 4108
5829 6453
6362 6477
6853 5854
6667 7169
6094 5767
6843 5252
6996 7714
5833 4968
5981 4391
6255 4511
6993 5910
6470 7095
6163 4207
6308 7091
6175 7376
5909 4904
6804 6442
5863 5582
5963 4650
6837 6044
6433 7388
6719 3722
6998 7813
6206 4394
5970 4498
5811 4316
5876 7551
6800 4146
5807 7338
6077 3971
5970 6380
5930 7502
6508 3813
6331 4321
5898 6105
6885 5283
6508 6755
6057 6661
6572 5189
6802 6729
5935 5950
7035 5986
6545 4261
6274 3886
6593 5010
6570 5487
6398 5701
6866 5914
5795 4104
6909 4216
6738 4778
6159 5519
6462 3880
6496 6250
5843 6542
6931 4214
6886 7379
6107 4930
6894 5857
6037 3726
6970 3912
6524 3835
6154 5266
6989 7354
5983 6758
7039 5823
5833 6751
6379 7682
6942 5053
6513 4546
6758 7090
6663 6516
5897 7755
5858 5530
5995 5384
6223 6473
6350 6022
6531 7658
6838 4463
6806 4024
5986 7743
6462 7319
6885 4415
6514 7206
6478 3930
5917 5986
6125 7620
6091 6185
6869 7732
6063 6416
6183 5097
6062 4362
6940 7726
6682 4828
6400 5841
5970 5200
6395 5636
6712 4238
5986 3920
5931 6929
6486 4235
6041 6030
6011 5621
6674 4809
5795 4224
6180 6070
6523 6493
6941 6918
6625 6389
5933 7707
7012 6401
5926 6063
6127 6680
7037 4590
6786 6991
6975 6136
6305 4557
6636 4691
6043 3846
6308 7468
6931 4479
6239 7547
6153 7740
5834 5145
6825 5023
6511 5678
5851 4498
6196 6714
5823 7168
5906 7601
6633 6556
6552 7379
6452 5976
6775 6771
6372 5329
5872 4140
6842 5215
7006 7067
6958 4377
6198 4129
6548 6893
7010 5086
6463 5422
5871 5726
6817 4939
6667 6376
7042 4673
6629 6583
5958 4273
6522 4790
6277 6386
6540 4137
6080 6521
6984 4692
6090 7296
6646 6751
6951 7126
6762 7220
5882 7481
6229 7806
6144 5238
6505 7171
6160 6794
6777 4263
6402 6497
5869 7238
6520 4962
5815 5816
6755 7317
6273 7752
6328 5557
5965 3994
6240 4239
6643 5725
5870 4878
6875 6676
6896 4197
6230 3916
6180 7650
7038 7097
5923 6847
6326 4425
7034 3776
6214 5512
6255 6663
6715 7528
6276 3888
6548 3787
6221 5451
6693 7383
6986 5738
6616 7599
6567 6980
6465 6818
6235 4138
6067 4646
6460 4010
6793 4428
6198 4941
6818 5424
5913 3946
6935 6921
5870 4798
6449 5682
6993 7699
6804 7275
6919 5651
6509 5782
5907 6592
6306 5415
6645 4470
5838 4063
5978 6054
6503 7302
5892 3970
6668 4844
6146 4891
6978 6335
6896 7767
6311 6519
6932 4411
6978 5707
6496 7218
5906 7037
6096 5615
6504 5318
6409 5679
5850 4772
6865 6853
6671 6785
6517 7795
6095 6484
6656 4477
6813 5000
6805 7162
6758 4339
6351 4321
6154 6270
7030 6472
6313 6459
6311 7384
6453 7322
6347 6425
6025 6981
6104 6628
6688 7270
6474 7722
6040 4011
6414 5123
6354 6717
6449 6972
6425 7418
5799 5565
6373 4808
6654 7586
6675 4974
6008 3951
5948 4564
6232 4753
6025 3962
6929 7091
6513 4183
5965 4422
6816 4020
6008 6328
6545 4017
5839 6902
6400 7398
6652 5032
5810 3965
6223 6358
6009 5328
6050 7263
6264 4804
6707 6499
5984 4889
5864 5104
6874 6013
6950 7005
6560 5694
6673 5829
6610 4487
6424 3763
6296 7430
6948 7317
6399 5293
5831 7566
6139 4468
6034 4479
6435 5388
6914 7647
5946 6007
6397 7193
6612 7545
6212 7256
6170 5456
6550 7697
6924 6007
5864 7056
5913 7038
6994 3849
6741 7234
6809 3994
6976 6717
6676 4968
6807 4594
6312 5781
5800 5041
6284 5868
6268 6991
6870 6382
6299 5022
6889 4297
7031 7541
6332 5528
6772 5403
6435 4880
6081 6132
6755 6587
6352 4326
6629 6683
6048 6859
6915 3758
6153 4879
6335 6433
6356 3921
6068 4117
6455 5729
6345 4845
6981 4370
6682 5543
5910 6771
6539 6246
6524 5792
6256 5428
6306 6305
6882 6450
5982 5114
6208 6104
6921 7024
6454 4101
6757 6603
6378 6785
6133 6690
6545 6022
7000 5831
6256 4825
6563 7794
5984 5357
6636 7239
6054 6312
6620 6535
7020 7178
6668 5763
6624 4375
6175 7155
6947 3753
5974 4763
6113 3876
6261 7161
6752 7401
6581 6858
6956 5711
6061 7495
6051 4943
6050 7726
5997 7583
5922 5811
6353 5723
6086 4975
6174 6706
6816 7220
6417 4673
6799 5753
6139 7529
6066 6825
6157 5214
5953 6740
6365 6202
6996 7348
5913 7356
6920 5310
6225 5932
6493 3869
6315 4495
6767 5377
6286 6202
6026 4851
6101 7125
6990 6980
6458 7652
6329 4193
6683 7107
5959 4732
6715 6818
6280 3843
5873 6671
6456 7519
5831 4661
6439 6230
6763 7107
6751 6132
6754 6554
6788 5693
6242 7630
6571 6228
5903 5971
6270 6088
5816 6040
6072 5204
6057 7521
6703 5439
6732 4999
6620 6312
5823 6639
6538 7687
6101 6087
6604 4696
6447 6984
5998 4633
6733 7048
6417 7752
6407 4600
6278 4951
5930 4999
6221 7139
6356 4621
6262 4418
6005 7582
5916 4200
6811 6792
5831 6186
6813 5172
5872 6339
6820 6731
6182 7787
5805 4269
6132 4743
7011 5021
6943 4620
5911 6984
6823 7401
6140 4929
6325 3847
6045 4682
6964 6836
6910 4162
6403 5466
6858 5036
6541 4918
5916 5353
6675 4651
5819 5714
6522 7410
6139 5765
6399 5168
6174 5029
6132 7497
6019 6215
6350 3989
6923 5409
6057 5682
6830 7692
7012 4981
6128 6843
6278 4278
6327 5729
6203 6565
5948 6093
5954 3808
6665 3988
5997 4054
6421 7232
6978 4170
6282 4386
6520 4671
6636 6469
5919 4675
5867 7785
6875 4330
6541 3740
6059 6987
5935 5067
6232 5504
6942 3864
6527 7747
6009 5322
5959 6563
6384 7260
5906 7635
6244 7617
6908 6400
6021 5394
6972 5759
6314 7315
6310 4252
6461 4099
6134 6554
5838 6053
6591 6742
7033 4496
5867 6845
6726 7669
6033 6927
5831 4897
6567 6859
7037 6156
6635 4650
6836 4252
6737 6891
5932 6787
5834 5800
6310 7780
6123 5214
5961 5434
6853 4808
5813 6090
6278 6487
6997 4435
5973 5027
6886 5842
6786 4020
6194 6261
6432 7167
6915 5584
6738 7720
6075 6808
6562 7042
6651 6938
6853 6341
6325 4161
6604 4998
5911 5951
7001 3790
5938 5847
6087 7434
6379 4933
6726 7558
6423 5037
6596 6459
5799 7428
6542 6782
6283 6956
6931 4246
6548 7343
6268 6324
6285 7802
6336 5904
6598 7630
6278 5310
6503 5650
5851 7712
7011 3881
5925 4736
6680 7474
6628 3798
6692 5634
6187 6303
6996 7619
6356 6871
6126 6046
5887 7676
5809 3976
6748 7374
6375 7058
6476 7486
6502 4040
5848 6444
6347 5772
6337 4616
6215 5835
6857 4896
6106 4726
5797 4608
6983 5796
6972 7521
6740 6979
6696 4822
6589 6034
5936 6970
6387 4500
6679 6749
6310 3791
6022 3870
6971 5243
6934 4886
6457 5700
6826 5913
6611 6302
6493 7214
6093 5999
6992 5736
6072 5971
6686 6608
6138 4787
5962 7450
6536 4689
6921 7637
5956 4740
6886 6306
6655 5318
6632 5155
6371 4882
6821 7803
6978 6485
6009 5867
6145 6225
6094 7538
6060 5740
5845 7785
5938 7071
6075 4089
7036 4359
6099 6424
6884 5061
6472 5861
6495 6496
5919 7537
6618 5996
6211 7445
6363 5045
6407 5464
6386 6728
6645 5577
5911 6790
6608 6684
5851 4885
6533 7617
6913 4441
6024 4211
6325 6243
7024 4088
6526 5107
6153 7808
6443 7468
6318 6426
6693 5869
6557 4592
6155 7680
6757 6554
5840 6169
6585 5859
6856 5292
6440 7571
6821 5289
6165 3841
6493 4970
6206 6619
5975 4972
6132 5872
6585 4017
6656 6318
6583 5248
6959 4529
6492 4383
6675 6252
6028 7538
6319 6858
6687 6452
6903 4036
6292 4896
6167 5567
6533 7726
6067 5630
7022 5606
6759 4236
5888 3964
6240 5283
6898 4732
5961 6351
6326 6689
6256 5098
6884 6701
6265 5368
5921 6730
6746 6630
6954 5126
5840 5362
6995 4598
6078 5838
6866 3989
6961 5181
6133 7339
6246 6395
6126 6117
6282 5805
6526 3915
6089 5745
6909 4573
6401 6568
5894 6876
6668 7140
7010 4393
6825 6108
6651 3819
6136 6026
6936 4634
5851 5289
6123 6592
6422 5174
5946 5249
6325 7639
6404 5522
6021 5824
5854 5310
6423 4292
5928 4385
6188 4361
6007 3909
6067 4326
7009 5416
6706 4897
6352 5088
5850 4408
5865 4032
6379 3837
6830 7300
6676 4341
6486 6731
5978 7336
6544 6344
5804 7127
5879 6612
6640 4576
5873 4947
6706 3809
6638 5340
6659 5306
6082 4242
7033 4489
6562 5111
5984 7682
6747 4685
6382 4195
7002 4526
6729 4241
5976 4980
6983 7054
6787 4765
6550 5883
6158 5337
6138 5778
6953 4423
5955 4271
6509 7210
6445 4456
6925 5645
6331 6260
6582 7717
7026 7496
6789 5125
6718 7716
6917 6787
6955 6167
7026 5378
7021 5292
6076 6285
6258 7146
7005 7715
6630 5540
6950 6645
6802 4299
6814 3887
6013 4149
5861 5620
6499 5950
6520 6399
6916 7403
6988 4982
6404 4861
6437 4366
5980 5250
6545 4077
6726 6490
6385 5890
6893 5336
5875 5717
6414 5047
6945 3749
6766 3748
6805 6604
6102 6270
6389 6743
6576 3964
6484 7225
6583 6776
6131 6409
6609 5538
5879 6662
6635 3879
6270 6241
6048 7692
6769 5132
6818 6243
6685 7329
6839 7177
6299 7810
6325 5062
6472 5967
6732 4277
6304 6047
6247 6183
6260 5371
6204 6481
5947 6482
6537 7137
6419 5788
6832 4623
6388 4125
6560 4809
6726 5427
5944 7259
6562 5072
6131 7332
6429 7730
6934 5730
5858 6762
6490 3828
6928 7095
6271 6788
7011 6930
5846 4205
5966 5777
6200 6295
6727 4750
6625 3806
6648 4705
6841 5747
6538 7651
6722 5526
6922 4855
6719 5842
6727 7640
6692 4729
6383 5564
6264 7242
6097 4824
5873 4299
6518 5540
6083 4757
6913 6594
5862 7306
6893 5712
5857 7741
6782 6875
6065 5229
6273 6269
6424 4927
5864 6040
6131 4604
5820 7739
6351 5258
6638 3779
6705 4824
6690 4574
6535 7235
5878 4737
6174 4563
6360 5464
6338 6907
6313 7313
7043 6608
6169 3733
6215 6327
5915 6038
5987 6244
6149 3953
6459 5377
6468 5218
5860 6982
6468 3879
6265 6912
5923 6305
6431 4519
6827 6360
5987 3849
6635 6277
6737 3757
6421 5023
6755 4376
6201 5510
5817 6780
6071 5834
6230 6020
6156 7173
6371 4267
6896 7478
6998 4536
7008 4428
6788 5904
6753 4115
6685 7706
6847 6466
6509 7617
6079 7104
6399 6245
6668 3791
6288 6681
6240 4624
6111 6742
6291 5325
6827 4847
6022 5299
6379 4393
6120 6728
5872 5304
6966 7092
6696 7260
6868 4081
6387 5590
6811 4126
5863 6931
7020 4413
6058 7739
5923 3875
6157 5206
5806 5731
6605 5939
5895 3914
6909 7672
6214 6289
6034 6704
6690 4696
6355 6460
6567 5029
6143 4349
6013 5389
5917 5266
5927 6075
6835 4155
6689 5249
6279 6407
6269 5810
6885 7374
6132 6971
6461 4141
5843 4741
5861 7217
6338 7283
6122 6567
6741 6301
6379 6251
6544 5308
6258 6981
6654 5080
6500 5563
6913 6536
6122 3861
6665 7524
6226 7202
6487 3781
5933 6038
6361 6186
6586 4889
6573 5568
6656 5831
6926 5375
6306 5179
6993 7082
5825 6294
6349 6925
5943 7412
6937 4597
6695 3762
6908 5558
6262 3804
6925 7167
6592 5331
5878 7504
6440 4143
6782 4228
6341 5829
6458 7320
6671 4968
6579 4799
6033 7392
6899 7507
6456 7205
6289 7633
6319 7318
6020 6627
6133 3833
6421 6192
6353 4002
6988 6709
6263 7419
6061 4983
5948 7677
6459 5644
6319 5448
6073 7461
6788 5219
6213 6497
6176 5808
6985 5176
6595 5009
6284 7562
6772 6678
6684 7056
6319 6888
6175 7105
6924 7580
6093 7691
6423 5793
6655 5495
6097 6652
6073 6534
6125 5854
6831 3736
5969 5459
6643 6440
5872 4100
6383 6428
6630 5251
5847 6826
6899 6797
6056 4469
6264 7062
6430 4971
6758 5112
6183 5160
6956 6594
6462 4692
6529 4074
5921 4294
6069 6624
6502 6105
7040 7147
6406 5941
5964 3745
6403 4826
5849 4825
6648 7720
6213 5308
6544 7572
6753 6008
6721 6493
5886 7669
6719 3945
6913 5238
6884 4691
6621 7677
5823 7487
6344 6955
6080 4142
6137 6319
6259 6442
5855 4201
6877 5746
6474 7276
6917 7058
5834 4642
6516 4098
5930 3822
6084 4396
6872 7020
5825 5865
6479 7234
6070 5913
6061 4153
7026 6666
6658 5121
6411 5930
6506 5052
6239 5450
5809 5418
6281 4930
5814 7130
6934 4027
5990 4892
6681 5390
6995 7633
6850 5029
6324 3750
6726 7489
6841 3760
6631 5610
6358 3965
6437 5340
6048 6875
6743 7103
5855 4391
5858 6056
6348 6882
6166 5643
5924 5064
6571 4569
6976 5082
6940 4240
6576 5472
6242 7725
6767 5234
6475 6145
6542 5862
6569 6884
6799 6609
6336 6069
5908 5497
6768 6676
5899 5234
6775 7696
6537 4286
5850 5217
6523 7604
6406 6565
6822 6253
6416 6218
6276 6990
6133 4531
6742 6679
6898 6030
6860 7114
6773 7102
6703 6798
5915 7100
6223 4105
6202 5498
6104 4501
6476 3983
6897 3911
6362 5124
5919 6508
6521 6956
5850 7631
6485 5656
6538 6317
6282 4178
6571 3956
6899 4176
5795 7809
5956 6745
6941 7534
6214 7470
6898 5273
5979 5318
6261 4280
6862 5621
6401 4995
6922 6356
6281 4423
6344 4405
6115 6309
5900 4675
5960 4743
6088 6193
6602 6477
5948 7676
5930 5081
6864 4239
6024 3841
5829 4684
5886 4852
5853 7736
5855 4823
6917 5570
6554 3737
6146 6437
6958 5893
5828 5789
6553 7613
6511 4445
6078 3929
6697 3889
6686 6111
5813 6064
6176 6328
5834 6817
7014 6698
6028 7190
6886 7277
6323 5778
6059 4708
6459 6337
6123 4197
6351 4023
6268 4774
6498 5513
6483 3730
6461 4075
6370 7426
5903 5810
6731 7500
6331 5870
6914 6493
6572 6864
5970 5365
5837 4901
6474 6443
6396 6011
6948 5584
7035 5115
6931 5334
5863 6804
6380 5169
6630 5870
5823 4583
6563 4174
6145 6071
5927 3754
6585 4251
6149 5602
6842 7414
5871 4327
6767 5854
7001 7320
6469 5100
5942 7707
5906 7339
6306 7781
6688 4549
6313 6240
5818 6510
6442 6738
5992 5628
6885 5916
6166 5143
6202 4116
6318 4121
5810 7554
6833 5950
6853 6052
6525 7488
6820 4567
6027 5976
7029 6378
6142 4323
5813 5658
6334 3733
6137 5612
6113 4095
5889 4495
6402 6927
6836 5769
6753 6573
6243 6226
6665 6779
6862 5605
6062 5783
5811 7482
5916 3725
6897 5434
6548 4787
6160 5851
5986 6798
6802 4435
6776 7404
5981 7070
6599 6698
5842 5565
6470 7004
6365 4013
6853 7064
5979 7060
6056 5874
6694 5174
5798 6203
6478 7237
5976 7302
6199 7811
6187 6008
6260 7564
5810 7056
6634 4519
6817 4139
6074 4940
6910 6820
5853 5485
6683 4716
6891 5501
6079 5045
5800 5040
6451 4218
6432 5921
6189 6034
5972 7406
6604 4884
6735 4575
6883 5050
6979 3759
6820 4498
6191 7436
6656 5430
6576 5654
6972 7334
6451 5769
5941 4909
5819 7495
6502 4603
6866 5997
6553 6223
6908 6284
6860 4880
6936 7240
5821 4189
6499 7230
6681 5461
6435 4561
6571 5053
6652 4761
5960 6446
6251 6464
6738 6703
7009 5886
6926 4730
6434 5458
6656 3862
6604 5863
5876 7234
6080 7029
5900 5159
5920 5843
6776 5467
6805 6570
6845 7424
6202 4227
6956 3987
7017 3984
6541 6035
6662 4771
6529 7175
6130 6069
6543 6479
6295 5658
7000 4207
6858 6535
6848 7594
6401 3763
6526 7729
6084 4023
6359 7195
6729 6899
6788 6259
6592 3742
6073 4628
6495 6733
7012 6465
6551 4033
6283 4192
6074 4818
6911 6186
5979 3722
6720 6986
6795 4780
6720 6597
6955 7174
6716 5464
6706 7104
6884 6040
6415 5818
6474 5222
6975 4263
5864 4472
6697 4863
6453 7791
6780 4962
6582 7414
6281 7023
6298 5625
6089 6979
5827 6442
6194 3746
5878 5909
5804 7273
6297 5699
5866 5368
6861 6573
6090 4407
6117 5507
6885 4367
6492 4448
6051 6737
6957 3908
6364 7627
6562 5665
6140 4745
6149 5533
6075 7289
6312 5151
6586 5519
5803 6428
6771 5953
5806 7527
5925 4534
6907 7245
5971 6686
5990 4383
6359 7024
6466 7588
5843 6109
6834 7227
6384 5828
6544 4528
6546 7566
6789 5746
7017 7212
6443 5289
5911 5402
6488 5755
6290 6585
6153 4041
6013 5896
6461 6962
7010 6610
6486 5257
6393 3844
6198 7228
6836 5335
6194 4854
6626 6177
6598 7058
6124 7585
6332 5475
5994 5645
6828 6440
6031 5635
6463 6420
6374 5857
5974 4076
6268 4437
5899 7337
7011 3982
6885 4976
6432 4580
6912 7745
6799 4391
6146 7567
6642 7087
6426 6979
6878 4643
6166 6873
6878 7435
5895 5393
6868 7220
5822 6653
5925 4498
6085 4433
6257 7093
6292 4259
5870 4302
6272 4704
6532 6107
6857 3910
5821 4787
5885 5272
6379 4018
6028 6795
6732 6368
6853 4806
6217 7689
6933 5552
6776 4422
6240 7062
5908 7726
6283 3961
6264 4327
6362 6037
5968 7393
6170 6792
6297 4077
5869 3887
6448 3803
6350 6528
6945 7094
6598 5317
6212 4883
6959 4188
6284 5021
7034 4817
7020 5444
6612 7788
6317 5406
6531 5060
6691 7170
6166 4421
6428 6956
6541 5695
6066 7517
6979 7016
6836 3823
6532 5165
6898 7110
5867 7050
6003 3880
6605 5371
5862 5837
6338 5667
6385 4872
6166 4763
5814 6944
6751 5916
5976 5024
6058 4969
6987 7620
6930 4569
5879 7727
5894 7124
6553 7286
6524 6786
6698 7787
5927 3900
6249 5361
6403 3874
6355 4905
6832 4647
6908 5246
5948 4482
6040 7027
6953 5737
6165 6191
6723 3866
6548 5463
6134 6948
6899 6703
6062 6071
7044 4225
6727 4232
6176 6281
6477 5165
6311 4677
6346 6700
5866 4104
6933 6516
6331 6177
6142 5040
5856 6977
6863 5497
5923 7747
6505 6289
6632 4526
6948 6168
6441 4339
6550 6300
6717 4550
6821 7170
6080 4395
6375 5699
6775 5623
5817 7579
6275 4011
6817 5063
6351 4723
6111 5424
6114 3786
5994 4643
6495 5772
6058 7250
6315 5310
6642 6221
6885 5673
7009 7635
6129 5618
6719 5660
6610 7033
6106 5961
5961 6764
5923 4724
6678 6973
5824 5195
6373 5341
6142 6715
6810 5801
6932 7298
6562 7142
6368 6913
6977 6856
6425 7467
6604 7387
6248 4945
6490 4601
5961 5229
6847 6339
6118 3923
6905 7220
5995 4287
6103 5236
6184 4669
6570 7122
6491 3784
6135 7680
6748 6462
6060 5987
5894 7744
6079 7799
6819 7400
6918 5024
6932 3720
5813 6080
6526 7100
6915 7558
6995 6490
6556 6926
6081 4538
6853 6412
6135 5562
6771 6879
6284 6806
6495 4939
6832 6338
6570 6124
6559 7523
6635 7517
6304 7785
6874 4544
6087 3764
5935 6487
6724 6711
5871 5621
6543 4282
5964 6643
6899 6255
5883 6879
6407 3944
6335 7181
6886 5740
6711 6390
6044 5230
6419 4339
6329 7616
6844 3840
5860 4779
6351 5132
6402 5520
6471 4266
6167 7171
6372 4520
6445 4003
7015 4787
6740 7769
6131 7005
6093 4253
7016 6490
6577 5394
6576 6183
6813 3885
6012 5112
6023 3857
6423 6435
5903 4254
5908 7685
7022 5216
6989 7394
5853 7067
6287 6728
6147 7560
6678 4150
7044 3723
6056 7458
6361 3876
6387 3768
6528 5485
6483 5454
6670 4743
6653 7148
6097 6524
6321 3948
6169 7538
6469 7629
6015 4891
6520 5331
5916 5417
6040 5506
6201 5125
6001 7641
5822 7423
7026 7794
6089 6248
6846 6956
6436 4909
6644 7321
6654 4679
6825 7438
6225 4525
7009 7748
6563 4964
6545 7431
7006 5501
5989 4379
7012 6291
6465 6389
6922 5276
5906 3742
5913 5580
6617 3824
6263 6355
7030 6628
6839 7015
6995 5805
6447 5104
6333 5480
6928 7473
6351 4424
6014 5502
6720 3769
5994 6447
5937 5809
6243 4967
6980 4262
5828 6128
6508 4129
6730 6207
6428 5448
6814 7507
6252 5223
6193 5791
6013 6105
6599 7640
6170 7196
6195 5999
6026 7643
6815 4209
6210 4420
6791 4947
6377 3861
5833 6620
6750 5045
6558 7504
6005 6947
6885 6769
6235 5267
5849 4887
6541 7247
6868 6642
6483 3739
7001 5460
6536 5119
6694 4063
6386 6722
6684 6174
6332 6199
6678 6724
6262 4312
6500 7083
5821 7575
6950 7515
6678 6460
6455 7428
6655 7283
6566 6881
6574 7538
6939 5077
6615 5221
6935 6751
6305 7351
6902 6795
6721 4238
6923 6067
6269 4859
5928 4908
6981 4947
6909 4694
6240 4429
6206 6969
6470 7318
6928 7573
5976 7088
6356 6803
5943 3972
6168 6833
6994 5683
6016 3876
6363 4244
6689 6151
6674 4508
6861 5863
6396 4837
6346 3742
6797 4163
6686 6464
7022 7116
5939 5921
6057 7206
6142 7380
6423 4256
6217 6118
6749 7283
6405 4318
6046 7095
6837 4475
6611 3814
6410 3752
6364 5408
6938 7573
6702 4949
6608 7673
5894 4270
6525 7174
6347 4969
6456 6124
5802 6713
6635 6776
6187 6491
6787 4130
6238 3928
5876 6295
5961 6515
6643 7460
7007 4833
6967 5767
5825 6089
6564 5842
6036 7324
7030 7767
6352 4435
7006 3862
6076 6417
6360 5800
5860 6943
6768 6040
6117 7775
5843 5591
7018 5645
5939 4137
5951 6908
6933 4746
6096 6357
6918 7198
6568 6343
5902 3734
5941 5135
5926 7502
6593 4017
6664 6317
6933 6367
6889 6679
7024 4946
6737 7276
6078 3882
6387 7343
6819 5539
6118 5078
6359 7160
6686 5774
6452 4073
6934 5574
6217 6802
5875 6136
6560 4309
6716 6363
6074 7223
6279 5662
6097 6993
5936 4276
6009 6544
6424 7431
5982 6406
6256 5243
6323 6816
6600 7250
6379 5864
6536 3815
6771 7611
6568 7797
6276 4767
5858 7605
6985 3918
6451 4290
6994 6975
6240 7581
6558 3906
7042 5573
5921 6784
6721 5058
6525 5211
6314 5993
5881 6881
6081 6535
5992 7773
6892 7612
6765 3860
6457 5087
6558 5508
6961 5931
5839 7239
6073 4703
6142 5554
6838 7319
6988 4113
6228 7527
6030 5487
6242 4771
6549 5669
6703 5255
6849 4332
6836 6959
6837 4147
6822 5534
5923 6929
6220 6081
6788 4540
6873 6811
6164 5340
6187 7395
6919 6201
6460 5630
6876 5033
6529 5054
6111 7534
6661 5671
6672 4712
6734 5387
5871 6620
6149 5464
5810 5423
6161 5014
5876 7156
6299 5904
6751 5022
6553 4765
5998 7586
6758 6479
6798 7758
6174 5351
6697 4239
5996 5430
7017 3853
6579 4935
6420 7083
6246 6562
5875 4533
6649 4179
6618 6415
6993 5290
5905 3833
5991 4531
6819 4889
6720 7081
6521 4414
6350 7338
6291 4947
6185 5187
6107 5666
6861 4698
6402 4226
6674 4675
6516 4255
6836 6272
6375 5307
6454 5440
6328 4533
6846 5719
6748 7407
6731 5507
6940 4985
5958 5436
6494 4808
6598 6115
5945 6385
6327 4657
6210 5613
6046 3761
5985 6639
6902 3874
6376 6524
6799 6072
6789 7401
6078 5198
5861 6569
6497 6196
6067 5732
6540 5902
6822 4904
5844 6827
6206 4694
6548 3815
6278 6911
6176 4217
6882 7206
7028 6266
6597 7181
6400 6223
6555 7585
6460 7054
6435 4928
5991 4523
6032 7769
5816 5445
6097 7548
5811 4556
6876 6111
6498 6221
6528 6295
5851 7463
7042 6112
6422 4800
6784 6617
6827 5455
6447 7472
6227 6606
6547 6493
6248 6071
5909 6325
6149 4092
6585 7064
6206 4494
6058 4902
6340 6674
5962 4042
6329 4960
6669 7800
6094 4954
5899 6406
6154 6862
5908 5358
6751 4078
6086 7166
6549 6160
6195 5481
6783 7287
6494 5307
5803 6938
6226 6792
6556 4856
5837 7710
5831 6771
6211 5841
6619 4427
6943 6701
6039 6185
6510 6675
5890 6915
6112 4263
6100 4352
7004 5079
6321 4608
6233 5844
6763 4291
5875 6778
6149 4390
6352 7235
6874 7422
6464 6643
5852 4239
6396 7467
6094 7006
6523 3778
6275 7782
6564 6896
6173 7313
6771 4624
7044 5047
6751 6930
7006 4680
6036 7239
7039 6207
6780 5195
5975 5852
6861 3866
6798 5079
5838 5468
6321 6587
6287 5933
6381 7315
6988 3971
6061 6565
6503 5058
5984 5106
5844 6001
6514 6161
6389 4437
6551 4405
6945 6047
6162 5953
6953 6649
5822 4168
5949 4062
6445 6604
5897 4997
6190 7473
5931 4530
5993 7770
7009 7668
6773 4293
6670 5374
6626 7356
6642 5062
6668 7700
6381 5123
6961 7656
7009 5945
6802 6720
5796 3738
6347 5754
5871 6756
6501 4298
5862 7263
6178 6648
6882 4574
6886 4330
6640 4888
6467 7220
6867 4109
6265 7398
6654 5949
6258 7224
6468 3962
6097 7813
7001 4876
6852 6406
6879 4218
6128 4106
6713 3909
6986 6266
6335 4598
5862 6091
6497 5776
6143 6639
6766 6427
6208 7770
6312 6025
6096 5951
6596 4505
6427 7403
6848 7565
6067 5711
