4605 7584
5064 6374
3570 5498
2132 7728
4146 5060
2991 7643
2543 4947
3981 5351
3944 6625
3570 6998
2679 5503
1888 5590
5014 5063
4451 4996
4127 7513
4457 7596
3711 7300
2877 6396
2778 7772
3275 6926
4955 7129
2438 4886
2152 5701
2829 5528
3977 7061
2452 6717
3964 7287
3421 6986
5137 5522
1690 6022
3242 7543
3744 5403
2334 6206
4174 6767
5145 6699
2018 5002
5095 7233
5496 7338
4369 5301
3919 5500
3876 7363
3828 6422
5092 7376
5207 4913
3118 7259
4613 7673
4021 6249
1978 7409
2241 5866
4370 7083
3526 6584
5341 6064
3866 5171
4457 5935
1890 7812
4237 6755
4004 7161
4927 6611
1471 6552
3276 5059
5435 5479
1693 5895
4178 5266
2706 6657
5337 4975
3276 6096
3169 7750
1703 6575
2325 7446
3384 6762
4036 7738
5415 6039
4972 5533
1576 7033
5231 6173
3475 6402
5448 7091
3048 5616
2852 6311
1854 6796
5085 5789
2960 6101
5334 7105
5010 6530
2189 6591
4270 7748
4294 7343
3775 7455
1701 6881
5433 6559
4834 6763
2958 6215
3842 5430
2409 6105
4548 6831
1585 7070
1812 4935
3312 5028
4134 6773
4053 5245
5335 7651
3330 6335
4044 7324
2760 7089
5390 6442
3831 7639
2640 6028
2174 5514
3901 4978
3162 7623
4914 6319
4121 7255
4958 7734
3241 5823
5148 5725
2939 5424
3521 6126
1411 6653
2611 6928
2500 6341
3430 5738
3587 7155
3726 6481
2899 5563
3543 6039
2728 5946
2384 6950
2162 4954
3655 5933
2745 4916
3664 7069
5350 7440
2894 7245
3423 4951
2630 7795
2542 7544
5127 7507
3369 5615
3291 4864
4139 5712
5437 7237
4724 6247
1590 4979
3681 6325
2536 4858
4696 6301
4962 7410
1906 7629
2318 5782
4063 6004
1660 4845
1494 4928
5318 5605
5036 4981
2454 7747
2010 5712
3045 7714
5056 5239
2031 7751
3964 7051
4668 5191
4906 6956
2700 7736
2140 6847
2244 5813
2845 6869
4912 6309
3220 6663
3678 4895
3532 6444
1614 7400
3666 6999
3077 7252
4877 5705
4549 5740
4883 6169
5358 5278
1448 7739
1843 7054
3368 7763
1914 6365
1907 7756
3403 7299
1634 7624
3239 5535
4334 7060
5270 4856
2783 7056
5248 5417
1439 6480
3264 6872
3191 5538
3274 6042
3164 7611
2328 5972
2866 5083
5066 7632
2699 5005
5157 5683
2342 6283
4443 7509
3865 4947
4850 6094
5011 5926
5500 7664
4425 5858
2465 6866
3378 4995
2375 5334
2804 6028
4907 5045
5534 5902
4922 7300
2570 7099
4207 7386
1605 5422
4814 7303
2298 5693
1796 7274
4637 7484
3051 6211
3504 5577
3192 7589
5468 6770
1602 5195
3937 4932
4426 4940
2422 5920
2837 7031
2852 7365
2648 7747
4785 6330
5477 6206
4120 7754
5240 4897
2355 6824
3565 4854
1724 5088
3349 6321
4655 6984
4613 7435
5520 7130
2481 6617
3489 7051
2450 5551
5145 6606
1702 5983
3418 7721
5496 4965
4849 6318
4714 6595
1935 6207
3337 4932
2422 6644
3197 6634
3623 5325
3916 6991
5290 5544
2178 6615
5184 7495
5012 7289
5333 5418
3592 5298
4503 7805
5050 7307
4471 7069
4251 5742
3667 5472
2040 5782
2829 5238
3984 7054
1417 5515
5231 6528
2996 7238
3311 6203
2047 6395
4299 5361
3572 5344
2202 6405
5069 7638
3087 5601
3692 5599
2267 7754
2660 5569
4894 7285
5153 6354
4875 7578
3267 5214
2771 5557
4217 5691
4875 7757
4564 5544
2139 6196
3210 7301
1517 5850
3593 5113
2231 7428
5327 5451
4420 5987
3417 5923
2390 5102
2695 5910
3810 5376
4158 5721
4434 7032
4863 5294
2781 7481
4619 6597
2936 5592
2553 6674
1792 7305
1903 6784
1563 7755
2461 6495
4491 5452
1686 7204
4445 5116
5101 6212
2901 6839
1790 6752
3603 4885
3079 6074
3228 6430
1472 4953
3969 5021
2108 6925
3120 7505
4983 6703
2454 6186
3163 7721
2507 7668
2452 5223
4500 5578
3489 7577
2323 7254
4217 5995
4591 7413
1769 6041
1573 5123
3476 7559
1471 6961
2417 5573
5491 5386
3318 5453
3266 7573
1935 6781
2280 5123
1678 6929
5347 6352
4407 5909
5475 6381
5360 7103
3554 5990
3784 6601
5293 6905
1604 5002
3225 7439
1913 6184
5065 6754
2742 5924
2010 7410
3710 5939
2225 6088
3858 5432
4409 5697
5058 4927
3929 7529
5406 6143
4829 7346
4001 7365
2340 7040
3819 7412
4308 6049
2128 6988
2600 6412
3393 5928
3093 4863
1875 6151
4547 6455
2960 6865
3381 4995
5050 6404
3122 6062
4474 5896
1915 4962
3268 7141
4549 6541
2743 7113
4706 5874
1492 5077
2809 5247
2260 5459
1573 7275
3256 5251
4155 4934
1528 6188
5356 6188
4117 7348
5293 6597
2204 6687
2767 5489
4031 5199
4157 7685
2742 6198
2497 6362
3396 5582
4726 4934
2168 5212
4736 7350
1877 5739
5224 7209
2596 6755
1422 7287
3487 6069
4892 5454
3191 6273
1550 6366
4719 6938
5459 5664
2516 5994
3009 5937
2802 5998
1957 6117
5111 5157
2981 6862
2610 5888
4257 6342
2301 6348
4520 6655
2883 5282
2993 6953
4962 5070
1886 4884
3716 6029
2659 7712
3150 7625
1977 7222
1769 7306
3841 4876
1439 5452
1670 5369
3074 6548
2443 5856
2251 4929
1821 7121
2034 5839
5185 6640
4714 7002
1983 5806
5391 6522
3627 6440
1909 7366
2198 5474
4470 7311
2844 5907
3917 6469
5080 6591
1714 5157
2231 5606
3880 6333
3785 4913
3184 5618
2718 6722
5496 7660
3846 6893
4656 7697
1763 7531
4711 4928
2558 6279
3338 6681
3918 6717
3689 6614
4644 5363
1825 5218
1430 5298
2707 7698
5255 6074
4909 5220
3364 6297
2831 7106
5038 6059
5317 5786
3776 6602
2612 6861
4330 5754
1904 6407
5533 6727
1875 5895
4162 6261
2835 7228
3886 6807
5409 7408
3604 7325
4154 5363
5462 5078
4260 7166
1777 5707
1609 5228
4079 4906
3560 5840
2452 7510
2274 5804
3713 5156
5466 7110
4595 6114
3542 5637
2639 6843
2183 6363
3905 6353
3358 7805
2199 4892
3136 5157
4624 5181
2345 5310
5384 5645
5501 6213
2427 5864
4965 6516
2705 7294
1460 6499
2691 5927
3558 5959
2305 6638
4557 6632
2191 6769
5180 6572
4308 7478
3296 7638
3928 6268
3284 6765
4990 5212
4455 6586
2509 5270
2727 6420
5486 5954
4013 5243
4493 5898
3505 5539
1572 5536
4616 6653
3711 4936
5030 5129
2802 4870
4940 6740
3835 5304
5427 5398
2275 6839
2864 7553
2279 4878
3805 7627
4939 6552
2099 7637
3057 7399
4382 7020
5478 5865
3683 5286
1769 5000
5489 7491
3792 4944
3282 6301
3642 6285
4704 5562
1825 6484
5435 6054
2282 7309
2855 6417
5411 6720
3809 6043
2670 5397
2951 6376
4544 6344
2838 5713
1944 7798
2782 6897
3737 5139
2547 5900
4715 5186
1791 5271
2793 7296
3380 4841
2411 7785
5375 5798
4918 6389
4995 6214
3496 7010
4098 6825
4433 7300
4346 5468
4154 4841
1664 6350
1519 5675
1796 6563
5011 7466
3517 5700
3875 7162
4557 7591
5086 7009
3327 7312
4182 6450
2767 7460
4551 7537
4006 6903
2422 6656
2908 6926
2733 7757
2437 6826
2393 6392
3939 6896
3867 7563
1798 4953
1546 5908
2303 6562
1835 7478
3840 5248
3471 7403
3307 5597
2064 4870
2220 6821
3404 5372
3017 5474
1852 5507
5048 7735
2808 7676
4583 4944
1392 4900
4615 5029
2527 7362
3242 7535
2804 7717
5475 6608
4589 6732
4188 7542
1965 4843
3903 7745
1961 5310
4461 6317
3827 7404
3837 5090
4277 6777
1769 5746
3153 5615
4653 7031
4588 6407
2573 6633
1688 6890
4915 7716
2665 6291
3738 5015
4277 6215
1734 7253
3987 7776
2018 6411
2035 4903
3192 5999
2177 6365
4980 6623
2468 6082
5470 6218
5328 7393
3747 5047
1414 4895
4999 5928
2934 5401
5044 5997
3300 6638
3494 5709
3321 7670
4833 6933
1393 7520
4463 7681
3059 6828
4287 6713
2690 5274
4217 6621
3960 5492
3504 7434
3861 6781
2635 5637
4624 5175
2233 7451
3415 6449
3586 7080
1948 7298
4886 6700
1794 7064
4296 7187
3148 5985
1413 6847
5204 4943
5469 7576
2073 4848
4651 5882
3392 5268
2151 7085
1795 6671
1665 5928
1645 7720
2020 5558
4574 7657
3233 7564
2074 6153
4256 6206
3229 5646
2354 5445
5039 5648
3234 5036
1600 7570
2113 5217
3072 7777
5338 6619
1693 6010
3722 5398
2548 6737
1485 6048
5333 7434
4463 7261
3080 7739
3891 5212
1585 5952
4855 7292
1966 6403
2841 7298
1994 5636
1966 7729
4083 7737
3109 6533
2636 7258
2805 4900
5469 5660
2648 6009
4505 5549
4873 5768
2189 6088
4860 5326
4725 5123
4741 5072
4598 5661
5347 6232
5171 7083
2946 5020
2245 6882
4777 5603
4860 6612
1967 5224
4089 5221
2434 7470
4841 4869
3777 6637
5269 7109
4305 7638
4441 6194
3183 6980
4347 7500
2648 5556
3869 7043
2403 6095
3610 5975
2538 6229
1921 7180
1482 6471
3041 5831
3811 6438
5136 5145
4488 7017
5032 6207
3298 5812
2610 7556
5433 6793
1454 5072
5236 6817
5404 5390
3356 6753
5102 5309
4764 7001
3588 7728
4677 5325
2862 6640
3537 7427
5398 5041
3657 5860
4061 6029
1711 5035
5009 7188
2524 5652
3747 6941
3040 6063
2956 6936
4912 5341
2761 5300
3402 6747
2648 5200
3043 6430
1469 6720
5479 7475
4006 5271
3916 7674
2132 4950
5384 5793
3119 7296
3112 7508
4118 5235
2493 7155
2640 7386
4078 6416
3735 7464
3795 6982
3368 6556
2394 5117
2283 6599
3260 6053
2196 6085
2857 5484
5414 6767
2096 5989
2462 7687
1659 5167
2629 4974
5207 6393
1814 7769
3190 7068
1758 7286
1689 7691
3844 6893
1951 5567
1835 5271
4346 7502
3624 4852
3610 4892
1812 4909
2118 7739
2390 7749
3239 7369
2869 6478
4247 7518
2731 6881
1636 6424
2421 4956
5375 6496
3041 5540
3988 7122
2458 6358
4539 7020
4636 6015
2922 7146
3897 7747
1899 6446
5438 5611
2350 7556
5136 7058
3319 6674
3429 6536
4089 5937
5227 6584
4712 6841
5163 7498
3726 6268
4005 7253
4388 6984
2564 5864
2459 5985
4392 6178
5355 5720
2217 6468
1900 7094
1650 5238
4306 6303
3725 7399
1723 4860
2335 5790
3984 7615
3348 5648
2858 7522
2594 5776
5400 6911
4080 7593
5209 5811
3983 6149
3876 7500
3520 4884
2348 4847
3527 5243
4761 7004
1511 5393
5440 5743
2389 5048
1630 5719
2477 5790
2807 4876
2842 7096
4821 6551
4498 4889
2561 6184
3699 7241
1851 5359
3163 5945
1454 7190
4887 5420
4892 6122
1449 4978
3029 4967
3332 6508
5432 7348
4809 5116
3804 5987
2662 5243
2309 7253
2506 7260
2356 6692
3328 6681
3912 4850
5167 5599
4243 7607
3781 7770
4935 5899
4146 7658
1632 7287
3495 5984
4035 5888
3310 6194
5105 4943
3711 7190
3634 6878
5040 5617
5240 7677
1670 6964
4425 6915
3061 5374
5116 7154
4136 6324
4642 6461
4576 5834
4471 5650
4634 5119
3277 6699
3956 4914
1409 6836
4937 5172
3533 6707
4051 5448
3707 7286
3628 6156
1901 6917
2102 6277
2142 4954
3480 7041
4031 5753
5076 6041
3477 7711
4152 6179
3179 5834
1617 5085
3062 5866
2843 5902
4630 4983
2614 6314
3260 5238
4647 7204
3513 6206
4863 4891
1408 5742
4795 5635
2968 7502
2004 6846
2280 7528
3523 6012
5447 5652
2155 5954
3891 6751
2134 6039
1438 7479
2467 6942
5216 5735
5229 6197
3339 7623
4431 7388
3260 6691
4199 4889
2467 4863
2425 7100
4435 5162
1957 6248
4472 5119
4129 6581
1468 6005
3949 5332
1493 7150
4047 5998
2990 5334
2659 5923
1778 5735
3923 7436
2206 6376
4544 5804
2523 6229
3900 5560
2674 7239
1384 5274
3301 7140
2403 5275
4590 7484
5384 5371
5531 6002
2939 7751
4810 7761
4130 6421
5245 7602
2480 7310
5341 7470
1842 5175
4831 7725
1987 5928
4886 6878
1484 7046
1694 7808
2050 5620
3883 6043
2414 7163
3154 5820
4213 7715
5018 6004
4850 6097
2605 6510
1420 7115
3522 6482
5011 4870
4598 6314
1488 7240
2838 7048
4958 6263
3108 5224
5493 7745
3370 6085
3369 6362
2113 5288
3770 5640
5045 7813
2570 5374
1863 7519
3711 6592
3186 5471
1934 6237
2893 5151
2505 7160
2514 6595
1860 6724
1510 6484
4091 7366
1458 6067
2966 4996
3103 5957
2356 6015
4182 6089
3246 5777
2293 5012
4823 6230
3624 5058
2508 7423
3247 5217
3668 7135
3364 5337
3168 5934
2739 5379
1578 6832
5255 7095
5448 5294
2755 7068
3247 5838
4522 5580
1469 5657
3921 5542
1916 5950
4158 5004
3929 7732
3702 7435
4630 6070
4033 7743
4441 7802
1667 5374
4662 5652
3946 6591
3273 6064
1520 5851
5148 7501
3129 7394
2964 5931
1468 5541
2026 6879
2832 7766
2669 5863
4771 7688
4559 7048
4330 5084
1536 7779
2442 6733
1793 6273
3813 7715
4591 7619
2430 7469
2006 4913
1470 5332
5171 5991
1720 6144
1421 5903
2593 5183
2503 6496
2840 7742
2298 6105
3225 6995
1397 5853
4160 5264
2517 6240
2269 6191
4608 5301
4893 6019
5167 6440
1825 5620
4158 5933
3032 6469
2279 6740
1953 6476
3751 5868
5195 6787
3524 5583
1940 7411
3295 7257
3415 6181
1823 6249
1807 4938
4645 7067
4139 5552
5312 6873
5042 6515
3228 7094
2000 7760
1655 6896
4145 5501
4950 7716
3128 6898
2957 6457
2912 6859
3507 7286
1726 6528
3633 4932
5003 5318
3981 7372
3192 6375
2871 5295
4438 5438
3613 5564
4171 7280
2131 6639
1783 5809
3116 6374
5084 5297
2649 5006
3973 7250
5427 5279
2389 7738
2686 4962
4706 6357
5397 5434
4489 6950
2505 5998
1662 6388
3511 5146
3837 7242
3465 7484
5522 6399
2502 6179
5247 6344
4199 4883
4466 6535
5380 7593
5435 4961
5441 5061
5233 6384
2633 5397
1495 6221
3175 7805
2599 7083
3514 7094
4754 7713
1726 6264
4919 5758
2891 6914
4204 5114
2515 7037
5249 5396
2930 6590
3092 6141
3748 6183
3108 6386
2175 5463
2030 6446
2913 7481
3079 7449
2740 5300
2621 5604
2608 4861
5170 6343
3124 7020
4849 5125
3103 7402
1731 6722
4460 6003
4206 5015
1948 7494
1606 6893
5486 7340
4016 7467
4025 5114
3989 5973
1660 7371
4950 5558
2476 6869
5227 6818
1929 6497
1508 6588
2184 5333
4632 7069
3674 7453
4512 5688
3220 7788
3283 6310
1583 5113
3008 6631
1920 6161
1490 5040
4492 6584
5516 5444
3323 6817
3747 7738
3657 5757
4830 6950
1875 5200
3244 5291
5303 5199
4785 5009
2714 5115
5502 7669
1922 6438
2159 5110
1597 7013
2116 7218
2859 7655
3101 6931
1844 7391
4642 6554
3837 5566
1513 5328
5426 7781
4629 7439
5080 5273
1915 5999
4501 5480
3641 7153
3970 6259
3586 7138
3998 5924
4290 7359
4741 6464
4162 6494
4655 6204
3798 7444
1724 7177
1436 6572
2615 6107
1901 5381
3902 5344
4497 6718
4796 5619
2328 6422
2492 7468
4043 5578
3261 7744
2725 5632
3467 5773
3987 5736
2957 4976
2428 6677
4120 7396
3486 5637
2494 6546
5355 6562
4717 5213
5156 5750
4806 5648
3096 5935
3243 7267
5329 6178
1520 4960
3390 6189
4493 6070
3222 6458
3351 6626
2341 7729
5260 6473
3379 5991
5275 6495
3091 5551
3684 6318
5023 7312
4632 5139
4984 7459
3292 7609
2588 6123
4332 5424
4544 7318
4594 6589
1605 6140
4097 6670
3024 4931
2948 7203
2982 5695
4332 4989
3083 5184
5497 6722
2151 7304
2358 7774
3209 7310
3592 6351
1505 7343
5506 7444
3720 6054
4591 6412
4186 6326
3408 5641
5380 5776
4389 7030
2243 7185
2855 6591
3943 7634
2540 4922
1884 5682
2272 7664
3409 7734
3928 5377
4656 6468
2208 7311
1655 5614
4749 5116
3455 7697
1759 5787
4050 6779
3106 5666
3196 6853
3761 7116
4915 6942
4282 5659
3104 7041
2251 5892
2587 6943
3279 6424
2403 6267
2543 7006
1428 5570
2048 5502
1797 6733
3022 6777
4700 7140
1739 6815
2700 7074
2510 5448
4841 6212
1677 6789
2368 6005
4137 7075
5033 4884
5425 6009
4313 7638
2712 7534
2482 6980
3886 6147
3525 6642
2881 5931
5142 7750
2210 5632
3762 6669
5515 5641
1669 7246
3428 6350
1867 6283
3476 6546
2432 6356
2523 6623
3904 7254
2028 7195
5102 6321
2726 6550
4144 6978
4815 4956
2115 6575
3874 7334
3970 7059
4248 7093
2061 7215
4126 6195
5181 4948
1887 6131
1727 4996
4488 6384
3425 4939
5024 5845
2545 6948
2788 5654
1536 4865
2454 6344
2204 4936
3060 6962
1905 6557
3139 7106
5509 5995
4321 5334
1839 6107
2645 5631
4939 7292
5138 7136
2006 5000
3410 7319
2758 6364
1826 6162
1708 7244
3661 5250
4126 6526
3876 6415
4888 6881
1874 7202
2982 5605
1653 6119
4363 6589
3740 6126
3764 5878
4873 5865
2294 6736
1665 5636
4435 6340
4427 6594
1769 7388
3907 6400
4559 6022
2588 5621
3512 5918
2783 7801
2369 4946
4274 6963
3161 5659
3926 6616
3952 7707
1549 7501
1615 4961
5086 5954
4332 5342
2077 6473
3792 4890
3754 7800
2283 6389
2459 7302
1940 6149
2095 7578
3594 6953
2880 6861
2208 5134
4476 5122
2980 5454
2031 7475
3943 6766
4079 7746
1654 7239
1767 7117
3833 5700
1793 5813
1453 6819
5043 5023
1778 5943
2720 7037
1694 5786
1482 7525
1943 5872
1864 6176
2421 7278
3799 6277
5282 6800
5436 6130
3774 5866
2482 6392
5364 4899
3263 7706
2481 6964
4276 5962
1478 5134
5180 5567
5119 5484
3100 6450
2103 5153
4834 6276
4869 4931
2217 5606
2900 5651
3475 7293
2379 5087
5012 6120
4532 6554
2849 5707
4697 7282
3128 4921
2850 5656
1640 6555
3212 6117
4047 7520
4979 6724
3010 5795
2521 7461
4059 4845
4198 5389
2801 5946
5499 6824
1605 6111
2859 6941
5395 7590
2104 6404
3220 4957
4067 6429
2987 6248
2066 6876
3526 6954
1616 7703
4397 5403
3197 5814
1945 5999
1661 6731
5337 7597
3445 5317
4691 7550
2442 5831
4408 6490
2741 5732
4214 6707
5321 6403
5480 5670
5061 5220
4958 6594
4708 5707
2342 7774
3435 4961
1921 7136
5192 6166
5189 7160
2112 7493
5426 6507
1391 5186
3321 7134
4189 7454
2527 7701
3155 5677
2803 6696
2295 6041
4098 7247
1459 5138
1749 5146
4611 5875
3100 7274
3322 5552
3986 7473
3706 6040
4265 6255
1787 6361
4316 7582
1429 6658
3136 6242
5104 7345
2354 6100
5154 5510
3223 4997
2985 6223
3622 6384
3206 7429
3429 7629
4105 6365
4893 5121
1583 7231
3758 5379
4219 5170
2778 4946
3745 5370
3206 7434
4591 5013
4076 7561
2112 7415
1978 7643
1832 5980
4842 6545
3412 5847
3789 6890
3317 5781
4232 6999
4347 5486
1637 6339
4773 5923
2293 4938
2996 5914
4931 6619
4669 7563
5395 6598
2159 7615
4352 6950
3177 5565
3157 5468
5281 7083
2283 5128
5084 6945
1987 5026
3667 6234
1815 5495
5346 5881
4784 7113
3114 6927
5133 7527
5295 6133
3970 5035
4826 6304
4910 7811
3253 5578
4701 5654
5427 6523
5076 6742
2962 5013
1776 5320
3565 5608
4525 5141
3033 6355
4779 4889
3871 7593
4691 6224
3093 7660
4570 7686
5114 6905
5452 6418
1745 5580
3645 6528
2104 5667
4489 6532
4149 7634
4150 6964
4393 6690
2232 6958
2441 5243
1789 5411
1754 5310
1810 5769
3871 6133
1939 5034
4877 6399
1781 6263
3106 5200
4140 7377
3932 6584
2841 6527
4469 5303
1554 6372
2921 7773
1782 6402
5537 6532
2919 7654
1544 7651
1699 6752
4123 6007
5141 5736
2186 6433
2265 6698
5238 7169
1771 7089
1620 4934
3350 6359
3340 6393
2497 6636
4886 6017
2207 7441
4016 5908
4644 6170
5087 6603
1846 5777
4479 5996
1981 5948
2770 7806
4822 6462
1560 5896
5181 6581
3833 5178
4155 6329
2071 5847
2930 7493
2465 5559
1805 6163
1921 6045
4831 6737
3734 6898
4243 7004
3783 5685
1764 7224
5338 6404
4432 6136
4614 7537
3625 7528
4372 5483
5490 7301
4097 7763
2655 5063
1705 6153
5088 6341
4140 6133
4851 4962
4087 6381
3871 7429
1971 5259
2066 6648
1754 5420
3993 5220
3210 4936
3415 6373
3316 5998
4444 7453
4859 7431
4971 5282
4046 4861
3136 5077
5054 4934
2583 5731
5044 5518
4950 6283
5310 5796
4878 6257
2283 7522
5448 4937
3356 5993
5522 7800
4816 7196
2377 7031
2134 7506
5096 6608
3001 7372
1899 6429
3151 4910
5107 6764
3550 5416
5215 6759
3520 7101
5284 5726
4185 5621
1498 4894
5531 7041
4276 7431
1492 7712
1473 7784
5137 5302
1795 4924
1813 5486
4168 5244
3876 5382
1589 6567
1981 7062
1709 5827
5263 6181
4968 6244
1515 5561
2676 6132
5211 7316
2593 5627
4332 5426
2626 6065
2938 6553
2188 7796
3585 6855
4257 5277
3796 5574
3916 6600
5078 7210
3558 5068
3690 5679
2803 5737
3664 5519
2375 7017
5098 7676
3701 6677
3714 6243
5466 5142
3256 7361
5259 6229
3973 7265
2719 7439
4171 5661
2878 5486
4313 6293
3108 6021
1656 6727
4096 5645
4250 5519
2493 5180
3795 6197
2160 5633
4782 7481
3960 7355
3407 6957
1738 6723
4438 6590
5302 6392
2074 5357
4653 7428
3467 7103
2906 7380
2722 7175
1570 7206
1788 5478
3635 6331
4295 5550
2181 7294
2618 5608
2760 7531
4223 6176
1786 7380
5133 7684
4264 6134
3032 5139
5332 6045
2072 7694
3069 6580
1652 5244
1872 5334
1604 4877
5503 6487
3259 5747
3488 6209
5171 6565
4808 7292
2805 7227
1851 7518
2769 5339
5379 4842
2250 5882
4268 6964
1687 6987
2945 6289
2696 6714
1390 6198
2093 6938
4851 7255
1826 5646
1861 5185
5244 5985
1448 6919
2685 5301
2188 5057
4000 6900
4572 5298
4339 4998
5148 5215
4634 5318
2969 5791
3757 7731
3320 6484
4483 5843
3196 6146
4796 5279
4408 7740
1781 6614
2287 7743
4248 6732
2978 6643
1547 5896
2522 7457
5066 7465
4198 7520
4032 4974
1879 7673
4819 5925
2931 5250
2336 6895
1568 5771
2958 6036
3924 7774
4356 4855
2591 5480
2232 6101
2325 5778
5542 6672
1677 6504
4641 6830
2451 6760
2450 6417
3979 7779
3695 5396
3309 5506
4051 5242
1963 6527
2994 4939
4126 6756
2146 6137
2575 7283
3977 6272
1835 6017
1672 6699
2325 6558
2911 6610
4118 7653
4597 7157
3745 7505
1765 6942
4090 5235
4810 7591
2579 6002
3510 6809
5319 5516
1732 5463
3694 6326
4847 6855
3240 6402
5185 5123
2965 6154
4765 7403
3333 7168
4214 4843
3683 5721
4136 6773
5321 5285
3616 5486
4156 6354
1469 7253
2627 5589
4931 6400
1457 6539
2119 6626
2211 5493
3311 7161
4656 6267
2916 5124
4517 6414
4700 5616
1982 6491
2508 7808
4877 6960
3135 7507
4052 5840
4150 5160
5138 7180
2845 5132
3208 6801
4577 6882
2399 7475
3254 6745
2328 7625
3245 6466
1386 6893
3484 7687
5424 5701
5526 5792
1739 6789
2341 6075
2754 5702
2928 7594
1710 5729
1577 5322
1875 7761
2897 5325
1604 5347
3429 5176
5159 4924
2480 7773
3603 7749
1418 7344
3378 7170
1545 6792
3487 6921
5044 7393
4249 7030
2496 5405
1611 5754
4800 4872
2228 6963
5366 6739
5450 7131
2486 5496
2448 5536
4770 6868
2470 5934
5480 5428
3448 6925
2837 5244
4591 5492
1483 7079
2987 5401
1623 5575
2671 5245
4671 5251
1719 7674
1909 6608
3015 5459
3545 5424
4025 6992
2123 6687
2096 6153
5020 7323
2097 6117
4680 4860
5163 7167
3048 5150
5081 6121
5369 5464
2903 5811
4536 5572
4144 7321
3353 6139
2977 6029
4885 5632
5481 7681
2226 5256
3102 7629
5059 5785
2467 5662
3471 6270
3742 6943
3444 6608
3016 5547
4186 6165
2594 5328
2191 6560
3270 4976
3016 5454
1746 5589
3594 7102
1588 6309
3298 5900
3632 7583
2603 5130
4312 7500
4122 6929
4643 6305
4238 7113
5312 5416
2166 4897
4798 7802
3124 6106
2856 5715
2479 6157
3809 7752
4683 5273
3920 5233
2935 6202
2984 5314
1579 6108
3064 6603
5014 6905
1810 6083
1557 5353
2326 7066
4418 6419
2861 5008
4351 5780
2288 7279
1430 5919
4544 7626
4743 7181
5169 5358
2986 4993
2148 4896
4561 6444
1967 5249
1993 5698
5207 6293
4995 5145
4121 7345
1731 5921
4659 5809
2853 4965
4260 7610
4844 5189
4726 6597
4657 7623
5450 5970
3832 4942
4425 7559
2953 7007
3151 7609
3868 7521
2842 7703
3718 6449
2145 6283
1944 6988
1580 5022
3872 5580
2257 5986
3050 5468
4973 6893
4173 7149
5249 7149
2008 7726
2223 5942
2884 6088
4475 6641
2808 6445
5267 5955
2392 6424
4130 7565
2123 7254
1710 5040
4860 6985
2629 5055
4745 6302
1807 5209
1950 5019
2754 7667
3959 5010
2336 7011
3317 7560
3532 7613
2570 5568
4127 6719
5293 5013
2939 7703
3058 7620
4924 6319
4458 6168
2987 7690
1535 5168
4928 6553
4559 5425
2022 7006
5507 6901
2461 6413
2357 5119
1909 6937
2115 4851
2172 4849
2909 6931
3993 5133
5368 6352
5445 5306
2713 5716
2948 5239
3233 6890
3713 4994
2286 5526
4219 7806
1852 6934
4331 6900
5431 6661
2027 7634
1975 6208
2862 6753
3605 7451
4135 5425
1848 6179
2754 5141
4198 5755
2718 5768
5403 4851
2731 6777
4059 6283
5018 5753
2412 6166
2257 6382
3325 5954
4130 5705
3656 5741
1688 4975
2382 6568
4450 6020
4220 6383
3705 7204
2383 6468
5223 5527
2044 5429
2139 7618
2411 6908
4946 7505
3660 5224
5209 7624
3771 6820
2443 5050
4241 7071
3328 6837
3262 6429
3683 5603
2041 7008
2466 5386
3314 6306
5059 7171
4886 7254
3608 7688
3391 6966
4669 6489
4301 6058
3810 6847
2646 6790
5482 6172
1861 7085
2923 5677
5234 6823
3393 5986
1798 4850
4024 5017
4395 5515
5403 6798
3649 5393
3975 6499
1917 6238
4160 7185
4343 7706
2183 6046
4076 6673
3983 7359
2411 7657
3479 6702
1871 5477
4071 6720
1632 7615
1473 6611
3426 4908
4606 5287
2777 7446
1859 5312
3347 5714
4596 6722
4943 7490
3891 7765
4102 5888
3260 6321
2040 7588
2251 5027
4092 6329
4538 6125
3491 5637
2696 7069
2993 7182
3536 5141
1914 6080
4770 5028
5441 6926
2434 7128
1488 5409
5221 6300
2320 6941
3772 5156
5323 6215
5229 5879
1583 5008
2174 7089
3877 5691
5134 5216
2876 7332
4787 6243
1762 7589
2017 7205
4560 6591
1627 6376
5019 6844
5436 5016
5543 5905
4158 7244
3182 5048
1680 5806
4729 7280
3895 4982
3649 6626
2303 5068
3983 6357
4153 7208
3514 4963
3459 7517
1598 7180
1676 6016
5225 5204
5057 5444
5033 5436
2513 5562
2353 7775
2263 6366
1919 7308
1839 4877
5012 6123
4400 7090
4470 5765
5386 6935
4045 5695
2928 7220
4310 7139
1482 7181
4031 5089
2042 5392
3519 5539
2252 5822
4227 7453
2961 5119
4489 7258
1498 7572
2297 4958
1435 5374
3059 5533
4356 5806
4180 7753
4704 7619
5465 7204
2808 6371
3070 6791
2203 4932
4823 5353
5251 6475
4551 5889
5140 6223
2945 6075
1574 5066
5297 5086
2021 6143
4859 7782
1560 6913
2997 6379
4692 6991
4743 7583
3627 6714
3903 4961
5329 5875
3911 5320
3568 5104
2155 6759
2325 7027
1471 7608
4577 5198
2228 7362
2848 5071
2901 5320
5405 6437
4802 5652
4450 5485
2647 7564
4073 6695
4664 7596
2261 5443
5008 5688
3880 5852
4133 6908
4277 7458
4792 5930
4951 7327
4696 5418
4701 6449
3926 6327
2617 5231
3694 5990
1438 7106
1716 7082
4128 5233
2552 5786
3701 5130
3363 7075
3908 6511
3627 6176
3424 6196
3786 6012
1955 7380
5402 7501
4893 7701
4889 5583
2736 7238
1905 5382
1427 5322
2002 5401
5276 5029
2234 5704
3311 5959
3279 6094
5010 7559
3768 7266
3489 4883
4706 5599
1431 5841
3063 6119
3939 5452
5306 6338
4602 6123
1676 7191
2612 6240
2970 6131
2507 7553
2329 5840
2834 6313
5522 7634
4517 7008
3094 7616
3963 5242
4644 5552
5036 5411
3726 7315
4440 6176
4925 7798
5230 5606
5232 6500
3870 5121
2112 5312
4243 5049
3135 7812
1706 7714
3921 5837
3230 5211
2570 7343
4274 4964
4968 5838
4284 5215
3755 7244
4166 7599
4358 5555
1583 7609
5357 5866
3689 6557
2756 6963
3103 7121
2806 5106
2527 5643
4474 7364
2109 6907
3890 7246
4540 5494
3724 6363
5471 4944
4292 7775
2426 5184
3288 6042
5147 6349
2815 7424
1700 5018
4649 6910
1624 5728
2195 6955
1970 4875
1632 5892
3596 6513
4861 6953
1814 7665
5178 7257
5051 7383
2071 6598
2691 6202
3154 5265
2714 5928
3429 6438
2660 7706
2173 4884
4830 6440
5272 5161
4140 5700
3551 5980
5324 7140
5112 6814
5391 6160
4403 6419
2621 5061
1962 5848
5143 7116
3032 7247
2123 5776
3913 5630
4819 6708
4262 5602
4501 6875
3362 6149
3187 5167
1738 7115
4125 7100
2078 5940
5081 6847
4760 7169
5225 6577
1921 7394
5071 6188
3445 7551
1557 6702
4803 6107
4602 6313
1598 5531
2986 6364
4721 6120
2935 5161
2268 5678
3654 7144
3666 7085
1945 5872
2731 7063
3181 7119
1806 7138
4322 5351
1746 6646
4530 5412
1989 4856
3633 5359
1788 5040
3202 5201
4044 5337
1984 6771
3254 6601
2230 5271
3834 6499
2143 7636
2611 5662
2921 5527
3882 5132
4020 7465
1851 6039
2020 5444
4665 5491
4046 6135
3917 4976
5108 6296
1760 6293
3254 7305
2519 5479
2088 7408
3717 4922
2543 6071
1746 7448
2614 5670
2327 7588
3540 5201
2952 7131
3434 7105
3891 6565
3102 5272
5285 7591
4275 5127
2682 6454
3007 5274
4129 6051
5241 5582
3439 5683
2091 7775
4692 6939
5106 4969
3457 5862
1414 5069
3968 5210
4262 6905
2297 6335
1578 5435
2314 5354
4681 5559
1872 6091
2008 7369
2006 7260
1658 5300
1628 7381
4895 7666
2723 6184
5400 6161
5423 6166
5184 6156
4549 7096
3377 5028
3245 4856
2601 6057
5476 5840
5159 6556
5354 5453
3943 7090
4462 5228
5527 7576
4392 5266
3312 5530
1876 6261
3720 6690
4530 7029
2047 6047
5206 6030
2700 5479
3376 6407
2926 6689
5096 5699
2926 5745
4726 5534
2064 6323
3515 6609
2120 6271
5234 6216
5285 7623
4712 5522
1957 6949
2576 7321
3746 7419
3941 5231
3548 7706
4156 7645
4932 5793
3144 7237
2076 7144
3712 5337
4618 6906
2533 6289
3045 5384
4893 6515
3049 6838
3159 5718
4106 6249
4766 7606
5122 5204
2562 7706
3377 5950
1935 5186
4529 6441
4203 6523
1633 7305
3344 7754
4222 7395
4111 6876
1394 7509
1666 6352
3122 5387
1570 7368
1403 5637
3705 5786
3411 5773
4334 7310
1762 6026
3376 5004
4063 7086
2493 7370
2729 6219
1502 6524
2094 6274
3975 5685
3611 5081
1777 7636
4701 5335
2105 7547
2376 5920
5123 7573
2894 6386
1458 7619
3506 6533
3998 6034
4799 5765
5505 5987
1820 6663
4461 7099
3975 7808
4676 4878
2674 5456
4478 6059
3375 6943
4937 6769
3666 5547
4838 6780
3544 5000
3707 7147
3589 5798
1951 5442
2988 6545
5038 7583
4762 7578
5213 7731
4221 7723
2496 4953
2819 4965
4409 6328
1469 6683
3869 5761
2308 7437
3706 7363
1670 5648
4136 5942
4983 6052
1995 7709
2292 5450
2736 5649
2880 7195
5498 6148
3031 6716
2495 5827
4892 5476
2963 5340
3178 5542
3017 5064
3227 5357
3446 5254
2733 6884
5467 5470
4311 5900
4660 5653
3090 5742
4773 5280
3629 7735
3405 7663
3090 6446
2079 7706
4518 5180
4755 5967
2978 6259
4737 5554
4266 5675
2277 5738
4142 5212
3965 4914
2394 5146
2974 5139
4066 5711
4914 7449
4754 5990
5247 7010
2059 5565
2199 5136
3971 7072
5489 6061
4376 5022
5215 7521
5450 5628
1548 5868
3415 7651
3509 6227
4026 5835
4471 7330
4582 6778
4489 7235
5148 5505
3821 7592
4826 5374
4523 6455
2689 7063
3408 7480
2163 7530
3541 4843
2804 5822
3897 6870
5527 6584
2472 5999
1984 7785
5084 5339
3000 5022
5531 6066
3837 7293
3384 7122
3805 5580
1858 7568
5102 6889
3390 7237
3979 6434
4168 6169
4942 6667
1611 7097
4326 5033
2076 6466
4349 5803
4665 5580
2099 7128
2484 5559
2501 5230
2750 6661
3086 6684
3141 6380
5063 6442
4364 6841
4545 5918
4059 5384
3875 5811
3689 6409
5544 7654
2983 5452
3865 5107
4150 6203
4211 6483
4183 5195
3016 7049
4951 6546
3337 7338
3141 7732
4919 7659
3854 6680
4933 6161
4007 7733
4475 6434
2134 5378
2121 7499
2362 6339
2148 6877
4979 7728
4788 5368
4773 6676
2002 6683
3032 7591
4081 6800
2263 6268
3659 5435
3286 6662
3099 5346
3196 6795
2916 6672
4985 5161
2991 6013
4189 5049
3561 7623
1742 5599
3823 5920
3817 6402
2977 6973
1818 4875
2105 6714
4293 7701
4206 7110
4443 6138
2409 6152
1903 6891
4516 5231
3996 7620
2348 5391
1603 5539
2770 6888
4141 7114
4105 6316
2767 5347
3095 6116
1513 7529
5253 7801
5457 7105
4353 6868
2298 7021
5211 5711
3347 7644
5452 5539
1523 5720
3636 6297
4089 5148
2868 5065
3897 4855
2537 7554
3406 7149
4328 6079
3689 6883
3892 5640
2618 5710
3256 7409
2067 7083
3054 6657
4325 7454
2989 7214
2431 4934
4893 6837
4824 6661
5198 6336
1648 5477
2475 5330
5336 5597
1526 6878
5156 7618
2081 5436
4259 6656
2883 7044
1404 5064
3364 6583
4392 6882
2439 5761
3381 7481
5173 5495
4351 6670
2442 6843
1782 5003
3273 7049
4117 6142
1639 7393
3804 5590
4069 5330
4065 6578
3164 7667
2737 6051
1910 5089
1761 6000
3820 6175
2684 5072
1541 5457
2548 6050
2188 6349
4802 6353
1960 7229
2680 5710
3004 6450
3038 6253
5321 6636
2568 5658
1790 7523
3952 7604
4591 6546
5507 7389
5129 6809
3137 5508
4343 7007
3103 5874
1982 5235
5489 6525
4331 5359
1454 5231
2161 7742
2673 6433
3846 5313
2874 6212
2820 6427
1561 5832
2478 6629
1870 7134
2570 7215
3163 7455
5463 6227
4687 6204
2611 6884
5375 5154
4483 5920
1739 6180
3444 6395
5380 5069
5204 7298
4584 4994
3130 7603
2671 6582
3949 6080
4405 5504
4701 6316
1449 4972
1594 6664
2954 6643
1381 6450
4699 5028
3505 4969
2330 5574
2951 7138
1980 5271
2797 5551
3050 6313
5270 6430
3760 6249
5388 6610
4231 5533
1820 5446
2420 7211
2422 6574
1658 6779
3194 4993
3842 5270
2626 6504
4789 5598
4150 6531
2373 6126
4800 5215
4266 5579
1480 6651
4483 4990
4549 7008
4488 7251
5105 6546
4482 4863
2805 5322
4729 7212
3144 7793
3920 5626
1740 7100
4740 5654
2055 5344
3616 5910
3703 5897
2145 7637
2115 7279
1951 4927
4307 5912
2194 7114
3841 6486
3789 5973
4138 7789
3727 6379
2002 5310
2229 6609
1610 7298
3016 4922
4506 7309
2369 5361
4092 4903
3916 5297
2709 5458
4843 7569
4662 7130
3436 7767
3604 5098
2406 6939
1514 4982
5402 6036
3826 5607
1535 5682
5210 7034
4074 6693
3169 5938
1463 5780
5411 5075
4707 7652
3672 6382
5305 5214
4429 7165
3884 7155
3490 5115
1895 4918
5238 6607
2451 6286
