11381 6522
11269 7638
10699 6757
10130 5098
10296 7078
9477 4997
10408 7086
10921 6735
9169 6521
10385 6438
10515 7260
7506 6777
7481 6351
10748 7249
11107 6429
10481 7398
9026 6601
8144 5047
10484 7597
7894 7783
9184 5039
9768 5572
8660 5543
10464 5566
9379 7208
10043 6994
10520 5397
9489 5027
10490 5883
9922 7239
7774 5237
10182 7164
9675 5982
10416 7014
9387 6770
10994 4913
8150 5359
9193 5563
7488 6480
7598 6710
10628 5638
8364 6648
10456 5375
9679 5723
7798 6328
11113 5145
11224 7605
7308 7713
7800 7634
7948 7467
9059 5721
8374 7443
11281 7149
8379 6132
8144 4928
10106 7151
9805 5188
9770 4848
9669 6613
9555 4853
8278 7356
11416 7617
9895 5544
10818 5765
10024 6409
8354 7270
8949 6462
10350 6175
7813 7758
9190 6763
8473 6401
9525 6049
8532 6853
10314 6957
8331 7397
7334 6000
10503 5070
9663 7330
10943 6143
8269 5233
9106 5812
8248 7215
9682 6623
9816 7591
8939 7216
7913 6795
7633 4849
9467 6985
9623 6831
9378 6598
9768 5332
7362 5773
9548 6738
8340 6971
9122 6497
9189 6430
7623 5895
8636 6774
7814 4893
10982 6146
9350 5761
9152 6508
9943 7730
8871 5232
7931 5437
9682 6855
9592 7083
8944 7634
9882 7142
10830 6587
9331 5558
8034 7276
10479 6059
7432 6781
11338 7792
8346 6280
7956 7783
10942 6879
10178 5824
8035 5409
10145 5922
7901 5337
7403 5838
8257 6936
7766 5643
7367 7668
10091 7036
10507 7158
7522 7716
11125 6435
10523 5686
11124 7432
8603 5888
7649 5270
8420 5583
7986 4981
10980 4942
9804 5660
10717 6568
9823 7322
11134 4916
9117 5989
9167 7168
10086 6925
9269 6904
9009 6376
9371 5640
7834 5306
9706 5189
8134 7239
10451 6829
10835 5858
8592 6894
11325 7778
8906 5879
9357 6787
7545 7722
8166 5244
8858 7087
9939 6371
8502 4849
9526 4950
11391 6181
9167 6577
8088 5276
10286 7675
9710 6957
7442 6220
9174 6665
10587 5968
10529 7740
9937 6765
8896 7645
9173 6514
9284 5615
8527 6861
7526 6598
7837 7471
9298 4918
8123 5733
10977 7710
7346 5033
8106 5380
11136 7110
9270 6390
10912 6506
8510 4874
10391 5744
9952 6868
8438 5009
8998 5380
7310 6796
10530 7483
10496 7576
9453 5114
8230 6631
11423 5581
10384 7731
10339 6966
9132 7375
8989 7418
7637 7395
11071 7239
10974 7154
11137 7609
9383 5394
7925 7660
7487 6922
10225 5405
11286 5601
9861 5446
7721 5370
7760 6897
7361 7762
7906 5702
7500 4943
8127 5422
8926 5919
11251 7192
7676 7205
10839 5926
10595 7574
9400 5395
10505 6735
10617 5884
8222 7305
9485 6299
9815 6406
11019 5238
8870 7198
10482 5656
8048 7730
8413 5886
7304 6125
7783 7770
11337 6048
11231 5015
7681 6432
10739 5061
10956 6608
11135 4978
10355 7449
9417 5515
9947 7468
7634 7412
8023 5017
10499 6212
8004 5731
10010 6451
8893 6561
8968 5306
8058 6891
8734 7193
8025 5012
9425 6627
10461 5211
8041 5681
7538 6836
10891 5848
9014 6011
11401 7056
8602 5039
10641 6705
7498 5152
8466 5719
10578 5295
7863 7457
7612 4891
7538 6778
9603 7753
8910 6994
9139 7744
7516 5424
7305 6621
10989 6945
11278 5957
7333 5228
10156 5773
10943 7078
10111 6266
9992 7455
8376 6436
7480 6930
9351 6845
10696 6976
10067 6100
7877 6448
8777 5866
11196 7551
10881 6045
9058 6366
7549 6697
7559 5295
10182 7237
9745 6614
7383 7594
9933 5847
7963 6344
8194 4862
8926 6091
9044 6365
10877 4950
8170 5585
8790 7544
9167 7349
8019 5163
9721 7268
10581 7598
7781 5872
10040 4944
11427 7694
9500 5777
8009 5930
10035 6168
10889 7350
8589 5667
8431 6793
8327 5719
9057 5277
7931 5531
8641 7310
10237 6233
7531 6609
8079 5824
7893 7679
7999 5058
7719 5426
8944 5672
7512 7737
11384 6323
7531 6768
8271 5973
10872 6465
8296 7710
7472 6823
7930 6258
7429 5331
9511 6776
9482 4981
9491 5624
8493 5451
10072 6323
9999 7303
11374 5931
11132 5697
9676 5261
8784 5502
8912 7131
8031 7444
8875 7473
9283 5034
10011 4889
7692 5448
11121 7488
11143 6376
10470 7412
9952 5860
10130 6837
8230 5846
8324 7070
11398 6853
8547 7452
10796 5284
10376 6466
8539 5858
10609 5627
10136 6980
11156 4852
10049 7468
11217 5289
8227 7238
11403 5379
9509 5134
9667 5575
9043 5368
9470 5309
8438 5182
7308 6795
9141 6442
8943 6122
9290 4898
10733 6268
7756 7226
9478 6538
11084 6807
9675 6641
7543 6923
10618 4967
7865 5472
8486 5539
7930 7555
8154 5865
8936 6093
8951 5809
8400 5336
8722 7365
7928 6502
11082 7163
8440 5882
8964 6337
10444 6747
9049 6649
8646 6588
8375 6444
10611 5954
8393 5644
9443 5110
10850 5176
11222 5728
8753 7475
10570 7604
10608 5146
10822 6794
11417 5449
8556 6066
10022 6851
8631 7579
9994 6390
9507 6775
10567 5525
10310 6010
9097 5782
9509 5322
8959 7271
8571 6355
8604 6191
9592 5033
8932 7240
8579 6930
9169 5801
8197 7523
9104 7747
8645 5219
11270 5211
10549 7424
10450 6078
7667 6731
10160 5513
7675 7045
10911 5089
8323 5525
10682 5010
9657 5626
10240 6173
8988 7423
10521 5428
8409 6829
11073 7080
8050 5360
10675 7753
7936 5101
11255 7003
8855 5897
9885 4918
8491 7611
8925 5342
8593 5513
8768 6099
8945 7770
9579 6595
10406 7027
8433 6165
8542 5204
8801 4854
8304 7699
8666 7491
8376 5391
8622 4988
9609 5809
7782 5640
7901 5938
10334 5455
8934 4972
10551 6646
8578 6830
10520 7144
8267 5553
9691 6331
7447 7730
8185 5929
9903 5934
10451 7082
11157 5278
10223 6545
10658 5353
9854 5862
8398 5219
9873 6256
8594 6577
9481 5392
7740 6452
7916 7532
11417 5182
9353 5215
10993 6138
7421 7723
10542 5162
9699 4902
8296 7479
9788 7298
9073 6810
11403 5302
7384 5706
8011 6945
11290 7638
10806 5420
10143 6997
9922 5839
8962 6735
11179 5092
11438 5217
9818 6868
9012 4942
9502 7008
9570 5541
8154 5372
7831 7180
9844 5152
7392 5449
8738 7165
9078 6447
8391 6913
10347 6333
10099 5351
9325 7448
10081 5104
9429 7294
10248 5476
9208 6861
7746 7294
9161 4867
10436 5689
9349 7626
11232 6244
8085 6317
8486 5130
10019 7016
10108 6168
10830 5800
7568 7709
10110 5165
10760 5429
7627 5177
10812 7611
9642 7204
7314 6621
7471 5879
11285 6421
7658 6855
10736 4878
10199 7009
8147 5212
10919 6272
10369 6495
8986 7648
8221 5387
10879 6470
9680 6861
8000 5551
7884 6000
10571 6977
8150 6473
11086 6889
9423 7438
8702 4991
9691 6983
9680 7662
9983 4986
9709 5515
7386 5973
10351 5713
9168 6807
11373 6662
7657 6284
9316 7185
11045 6173
7387 7594
11158 6720
8593 6985
10126 5204
10763 7581
10660 5736
11104 5056
10929 6759
8299 5158
8469 5908
9679 7545
7395 7003
11318 7437
10817 6758
9849 6888
11441 7660
9707 6093
11114 7569
8184 6956
10150 6636
11310 6170
8240 5169
10554 7555
9107 5800
10955 6373
10012 6515
9307 6534
10936 7421
10256 5844
8994 7366
7563 6655
9097 7124
7470 6267
10996 5124
7425 7104
9086 6004
9355 7631
8971 6204
8484 5154
10370 6217
9424 7179
11248 5230
7296 6307
8511 6496
10234 6667
11287 6942
8883 4993
9665 6642
11043 6983
8276 7499
7501 6659
8387 5188
7745 6058
9567 5897
11173 6167
9843 7312
11217 6032
8324 6828
8801 5778
9598 7400
9437 6150
10460 5528
11288 7656
7511 5241
11349 7762
10773 7741
10023 6667
10953 7675
10868 5823
9383 6164
7603 6968
9006 6252
8702 7305
8755 5248
8418 5327
10992 7562
7954 5264
10762 5243
8243 7233
7764 7162
10012 6121
8499 5405
8511 4889
9548 5480
8675 5815
11069 5974
9341 6971
10121 5013
7775 5281
11328 6701
10339 7225
8461 6834
8537 5196
8949 5417
7499 7565
10948 6273
8840 7323
9349 7401
8838 7173
9794 5966
10007 5581
9346 6454
8971 5577
10952 5187
8232 7676
9738 7517
8367 7496
10839 7069
11157 6155
9336 6937
9895 6197
10558 6514
10996 4840
8364 5042
10510 6801
8544 6970
8457 4903
8909 6105
9122 6583
9254 7059
8763 5710
9607 7780
9386 5982
9458 6264
10145 6382
7752 5809
8439 6345
8315 5900
9205 6449
9395 5722
9991 7785
7905 7278
11165 6087
9643 5877
11420 5294
8270 5559
9886 6810
10394 6631
11119 7089
8761 6020
7370 6078
7341 5237
9081 5420
7432 6109
9237 6644
10886 7424
9734 6438
8996 6380
9534 7639
11084 7573
8739 5825
11374 7452
10374 6844
10313 7304
10773 6245
10386 6544
8562 5259
10622 6368
9055 5528
10880 5894
7375 6263
8121 5183
8684 6277
10564 6163
10312 7177
7803 7355
9657 7712
7699 5166
9146 7006
11403 7763
8971 6815
10990 5754
8774 7737
10399 6735
8631 7804
9681 7112
8787 6672
11192 6737
8006 6892
7347 7197
8268 7634
7320 5524
8234 7643
8462 6799
9086 5934
9046 5566
7750 7390
10741 6130
9803 6322
10778 5617
7966 7168
10304 7259
8768 5063
7370 5298
10693 6733
8278 6856
9518 7205
10878 7692
8324 7178
9641 7095
9434 7000
7383 7021
8238 6856
8269 6674
9448 7250
8835 6938
9579 7747
9206 4977
11013 5348
9088 6445
8654 6262
8939 7783
7338 7000
11380 5850
11047 6303
8692 5142
10140 7783
7348 7534
8047 7674
10462 6118
7789 6050
7863 5128
9837 6268
7659 4950
11065 7560
8126 6627
8148 7416
7861 6328
10803 6221
9662 7127
10131 7601
9673 5559
8208 6903
10019 6350
8494 6477
8828 5624
7748 5494
10121 6368
8728 6331
9617 5091
10343 5823
9684 5382
9140 5217
9083 7602
7786 6458
8790 5447
10583 5967
8710 6123
8876 4896
8257 5992
8924 5754
10971 7420
11125 5889
7935 7170
9636 5851
11159 6328
8929 7577
10797 6836
7320 7745
8481 4861
11430 7349
8839 5913
8955 5127
8436 6202
10479 6263
10931 5313
9206 7541
11152 6532
7707 6596
9886 5883
7587 7735
10078 6244
8605 5894
10808 5418
8666 6538
8033 7481
8883 5516
9999 5315
7949 7022
8793 7595
7528 5033
9699 5043
8957 5897
8186 4880
8784 6952
11091 5669
10295 5422
10650 7099
9040 6458
8729 6305
8831 5929
7522 7668
7676 5801
9835 7225
9125 4908
8083 6578
8879 7142
10238 5016
9089 6016
7495 5150
11003 7786
9496 6699
7305 7078
9691 7004
11148 6935
7454 5284
8145 7598
10917 5378
9860 7712
9259 6389
7553 5831
8093 7078
9847 7501
9961 7764
10813 7115
10940 7397
10363 6231
8448 6525
10380 7578
11412 4993
8656 4911
10305 6278
8241 5180
11283 6378
10284 5951
9543 7107
11023 7367
10304 6553
10191 6487
9190 7405
9949 5059
8367 6374
9683 5657
8096 5161
10924 5403
8299 6378
7932 7230
7958 5574
10334 5632
11312 6599
8772 5257
7531 6147
7668 6491
11433 7241
9075 6265
9678 7495
7315 4849
11406 6618
10559 5089
9081 7569
10247 5355
7911 6710
8553 6797
8673 4956
8270 6240
10945 5275
11334 7182
8952 6747
11029 5475
8012 5365
8686 6136
10899 6562
11178 5937
7954 4950
10762 6551
7670 5308
10859 6643
9005 5352
11237 6335
7317 5841
8337 5036
7616 5006
10623 7649
7884 4853
9167 5996
9463 5612
8358 7331
10029 5531
9919 5226
8622 7268
8947 7533
10928 6523
8307 5469
10344 6425
9294 4985
8539 6139
10567 5822
9061 6652
9913 7692
9456 7289
9497 6817
8281 6651
7378 7219
9890 7062
9662 6645
11376 7645
11103 6871
7385 6476
8372 6686
8387 5925
8201 6197
8041 5576
7365 5892
8780 5523
8371 7784
7893 7384
8898 5625
7442 6843
10350 5672
8820 7725
8269 6501
9929 5863
7751 7504
8720 6011
7929 6871
8906 6338
8983 6755
9680 5805
9270 7732
11146 6157
10676 7400
10321 7631
7752 5452
7718 7740
8442 6868
10378 7331
9988 4990
8565 5057
8443 6353
9729 6152
10824 5786
10752 6598
9752 5374
10132 7337
7452 5080
8098 5051
9610 6391
11094 7279
8282 6364
10150 5133
11317 5341
10515 5115
8885 7184
10387 5975
8125 7510
11345 5298
8028 5605
9636 7166
8627 6335
10287 6002
10953 5635
9113 7500
8872 5091
7882 5471
7621 5576
10959 5265
10839 7302
11018 6652
8615 6256
10542 6213
8714 6170
8440 6954
10715 5911
7741 7454
11022 4917
10355 6195
10448 6515
9345 7517
10312 5269
10473 7510
8030 6595
9826 7254
7629 6361
8438 6592
10443 7503
10818 5095
8398 6749
8156 5132
7626 7375
8833 7537
8966 6488
11017 5227
10105 6932
10239 7482
9228 6413
9624 6481
7966 6467
7344 7060
8110 6965
9618 7467
8860 5880
10736 5013
8782 5713
9425 6370
10654 7225
8825 5057
9668 6873
10043 7804
8903 7688
9785 7532
9232 6372
9487 5927
10189 5793
10604 6194
8148 5507
10491 6714
8965 7204
8087 7435
10060 7382
10433 7469
9333 7054
9569 7004
8338 6938
10746 7599
8363 6323
8189 6326
9772 7717
11177 5658
10489 7720
10506 5072
8077 5160
8215 5187
10239 6033
10540 7100
11333 6434
7443 6155
9903 7181
9993 7603
10986 5126
8615 7195
10242 7337
9076 7610
7894 7751
9390 7598
10374 7114
8021 6101
8902 7194
9749 5036
10717 5121
7887 6114
10899 6752
8384 6944
8745 5521
7448 5669
10304 6000
8662 6417
11146 4921
9500 7419
8219 5857
9111 7660
9616 7626
10618 6027
8485 6776
8170 5407
8148 6828
10836 4908
8507 5305
8110 7108
8347 5288
9060 6921
10910 7599
9715 6417
8970 7641
8129 5405
7625 5159
10473 6794
10054 7689
9792 6281
8874 6917
9413 6876
10751 5170
11290 7204
7694 5595
9929 6433
10352 7331
10793 6752
7964 7650
11384 7118
7421 7022
10068 5489
8092 7520
10622 5521
9970 5429
9582 4986
8001 5966
8924 6760
8649 6122
7926 6281
8032 7514
8746 4981
8509 4891
10554 6958
7359 7236
8760 5187
9938 4916
10190 5308
11088 5974
9939 5622
7832 7516
10385 5120
9073 6023
11313 7278
11359 5550
9746 5233
10159 5821
9705 5458
8506 6371
8301 7690
8414 5463
9968 5419
10489 7109
7648 5871
11306 5797
10363 5801
9530 6231
9163 6204
9716 6228
9345 6703
7673 7006
10657 6682
8304 4862
7681 6283
8574 7451
8159 7097
9020 5548
11152 6040
9097 4893
10741 6035
10221 7372
11459 7723
8279 5363
9561 4921
7623 7037
9350 5460
8498 5737
11338 7738
8975 5864
8880 6815
9597 5484
7496 4920
8877 7289
10023 6040
9364 6941
8620 6920
9442 6215
10551 6100
9929 6649
10596 7739
10141 6631
8841 6105
8332 5839
9964 5816
11237 5985
9737 4927
9737 6382
8041 5978
9158 6582
8880 5105
10599 5951
8222 5548
10532 6784
7495 6404
7423 7678
11420 7200
10046 7084
10527 5331
9316 5021
7571 7474
7865 5219
10897 6083
8952 5419
8126 7023
7389 4882
10244 7162
9835 6400
10272 6069
10084 7620
8935 5209
10255 7357
8149 7646
10510 7519
9214 6042
9516 7806
8336 5386
8647 7773
9495 6522
9460 5387
11036 4840
9766 5862
9281 6658
9036 5206
9173 5707
7316 4933
7453 7362
9102 6962
8127 7732
9082 6788
9648 5843
10144 7455
9533 6336
10393 7444
10642 7085
7898 7464
11092 5142
8832 6341
11089 5313
7711 4942
10151 6130
9944 6648
7354 6440
7295 5546
8511 4958
11242 4986
10090 7452
7871 6360
8793 6294
9493 4849
8396 6658
7808 4909
10059 6409
10582 6651
8156 6947
10136 4905
8266 7539
10623 7413
7713 4912
10180 7432
9497 5354
8015 6747
9359 7009
10087 7334
7538 5603
10334 6538
11363 6565
7871 6464
11362 5345
9756 6302
10697 6719
7824 6479
8884 7375
7332 5473
8826 5661
11222 5361
9479 6605
10708 5824
7591 5845
10390 7633
11101 6094
8512 7761
9056 4913
9918 6815
7449 7686
9551 7206
10572 5862
9637 7038
8558 7192
7317 5208
10524 7391
10402 4996
11169 5775
8976 6437
8823 5321
10307 6211
8034 6973
8255 6099
7922 5157
8932 6806
8066 7564
9214 7008
9201 5598
11278 4871
11101 5227
7337 5460
7655 4963
7370 5249
8013 7074
8791 7319
7991 6759
10086 7258
10567 7712
9411 6331
8645 6440
10485 5267
11393 7217
9336 5190
7604 6859
9046 5510
9580 6233
8814 7734
10403 5869
9648 6305
10343 6403
8673 4921
7974 5019
9144 7666
10489 7332
8794 7519
9093 7495
11351 6546
10515 6829
7777 6488
10070 5383
9997 5200
10538 7275
8210 5416
8017 5311
10634 5901
8834 6877
9096 6313
8765 5622
11220 5883
11458 5811
11013 7405
8039 7135
10928 6097
10569 7181
9414 7125
8232 6598
7750 6226
7712 5148
8442 6913
9630 5157
9595 5188
9964 6080
10714 4859
10519 6214
9030 6251
9190 6514
8131 7754
7530 6981
7781 6762
8888 6556
7651 5150
9802 5289
10808 5217
8825 6868
11160 7136
8337 5788
10095 7504
11274 6627
10338 6137
10890 5009
8295 6148
10944 6352
8300 6098
9389 7593
8037 6373
9517 7295
9991 5313
8192 5315
10755 6732
9364 6650
9956 5627
7582 6238
10706 7320
9465 5955
7656 5527
7926 7327
7710 7106
9681 7575
11372 5706
7929 6516
10105 7504
10267 5541
8411 5027
11170 6003
8129 6641
8870 5811
11033 5702
10811 6976
11001 5195
9545 5685
8561 5347
9379 5663
11335 6620
8862 4979
9590 5374
9169 6616
9523 5684
11344 5269
8084 7580
11213 5482
8661 6972
11017 5962
10703 4917
7727 7195
10493 7560
10338 6519
10340 5658
7452 6184
8675 6990
7709 6792
10355 7803
10372 6606
8782 7771
9023 6693
7806 7008
9852 6118
8246 6364
10496 6023
9736 5102
10687 5989
9788 6854
8985 6689
8594 5941
9818 5168
11348 7425
10462 5325
8106 5772
8151 6302
10738 7402
7832 4907
11344 5598
8953 5586
9003 6527
8922 7163
7899 5837
7727 5499
10639 6572
10027 6372
10445 5454
10171 6038
9235 5762
9807 6781
8129 6003
9721 7365
8506 6659
9305 5553
7320 5767
7670 7814
11442 5006
11111 5197
11020 4945
10045 5688
9052 5133
11357 5599
8578 6218
10795 7357
7627 5843
7979 7258
7858 6268
9868 6459
10644 7209
8377 6344
9683 4874
7554 5742
7913 5385
9030 6352
10458 5950
8479 5823
8521 5854
10177 5333
7375 6531
9075 7527
8076 5573
9909 5842
9641 5538
9217 7756
9357 7079
8921 5703
10997 7538
10191 5794
9680 5252
9313 7558
7677 5750
8845 5113
9080 5860
9946 7562
10811 6124
11242 6688
10625 6580
9082 5456
10064 5213
8481 7338
7402 6038
10536 6166
11222 6786
10083 7603
7800 7128
11212 5983
11254 6440
7525 5624
11436 7288
8956 4893
8634 6682
10516 5469
9055 5526
8507 5451
10189 4929
8860 6380
9008 7530
9572 5282
9414 5049
11150 5756
8450 5100
10112 5533
11105 7359
9796 6724
11042 6435
11030 5861
10253 7633
8973 6696
9579 5123
8001 5106
9544 6740
10093 6010
7614 7520
9252 7173
10361 6201
11359 5214
8057 7203
9896 6084
9182 5467
7900 5894
7965 7227
8383 7129
7353 7433
8043 4914
7347 7452
10822 5778
10756 5346
9013 6668
8054 5353
10528 5312
10866 6124
11221 5952
10827 5990
10253 6161
8153 6722
7929 7151
7316 6857
7438 7201
10442 5160
9810 7608
8159 6050
9245 6948
8220 5767
11288 6573
8565 7494
7996 7477
9691 7702
9544 6499
7695 4920
8207 7332
8918 6219
7925 5453
9244 7038
7596 5559
8487 7331
11142 7176
8338 6355
10494 6968
10699 4975
8584 7640
10513 7761
10109 6481
9570 6618
9337 5147
7823 6508
8433 6563
9993 7555
10361 5828
8569 5880
9337 7573
8301 5177
10052 5576
10355 6278
9332 5867
10214 5132
9209 6022
7439 5453
8481 6243
9449 6399
7494 7104
8505 4936
10100 6898
9548 7029
9079 6085
7790 7011
9204 7798
9601 6838
8533 4896
8690 4924
7839 6363
11040 7493
9942 7778
10926 7477
7381 5239
9276 4937
9220 7560
10560 6762
10203 6436
10260 7117
10571 5534
9302 5386
7865 5458
8917 5576
9124 7724
9371 4846
10474 6168
9894 6520
11375 5283
8878 4938
8741 7457
8723 4990
10027 5131
7417 5457
7676 7372
10703 6690
8395 7627
10716 6707
11079 6180
9244 5381
9186 7222
7969 7192
11421 6033
9275 7711
7867 7341
8273 5603
11291 7395
7655 7057
10366 5992
9332 5436
8241 5643
9923 7310
8852 6898
10879 6698
7792 7492
11059 5343
7449 6863
8126 6951
8688 7438
8581 6773
9461 5156
8170 7410
7299 6011
10387 6455
8881 6022
8335 6235
7304 6788
8524 5684
7966 5059
10222 7598
9626 5205
10876 7570
10040 6074
9226 5525
10273 6819
9111 6600
10709 7601
10121 7448
11137 4895
7319 7549
8846 5246
7430 7513
10078 6896
9269 6233
7391 5918
7905 5424
10391 6811
7544 5688
8148 7259
9152 7600
10085 5380
10564 5677
11178 6943
8478 7084
11185 7528
7789 7184
10515 5681
8955 5438
10459 5486
10630 5501
7401 5802
8794 5861
10592 5064
10673 5641
10316 5150
11020 5033
7630 6848
7422 5465
8311 7282
10485 7483
8201 7010
7763 7482
7719 7648
10344 6005
10557 6037
8979 7134
7302 5943
7659 6692
8526 7298
7820 5395
10748 5962
10754 7231
8701 7749
10870 4851
9296 4884
10498 6906
7939 6179
8458 7272
10981 6767
11143 6922
7990 6324
7351 7448
8560 6945
10484 7609
10826 5324
8133 4920
7679 5601
8368 6375
9438 5680
7951 4980
9229 6519
8580 5583
10641 5062
9411 7276
7347 5411
9172 4880
10379 7353
10608 5191
8292 5492
10033 7492
11329 7080
10284 7609
8452 7410
7859 6675
8863 6189
10323 7763
9012 5498
8293 6228
7527 5224
9190 5656
10462 6059
8732 7435
7855 5505
9885 7191
10278 5631
9082 6552
11248 6989
8225 5867
8666 6411
9560 7306
10379 5118
7653 5370
10643 7697
10646 6068
9939 6468
9938 5306
8901 7033
9781 5614
10883 4972
9338 6766
10832 6225
9587 6461
8283 7081
10946 7655
9432 6816
11311 7625
10752 7662
9525 6967
7671 5351
9974 6647
7311 6465
10515 4966
8447 7279
8070 7247
9833 7091
10485 5989
10239 7199
10455 6519
9680 6994
10122 5952
7479 6618
11011 7162
8593 5232
8762 5758
9724 5758
11007 7242
10894 5048
8282 5883
11037 6387
10963 5304
10835 4861
8965 6727
10415 7398
10401 5784
11402 6054
8666 6060
7845 6944
10840 6542
7582 6029
9444 6907
9464 6090
8180 7736
9536 6537
9843 6912
8116 7804
8875 6181
10032 7114
9783 6140
9126 7522
9526 6929
11397 5319
10209 6076
7323 5492
8567 5937
8945 4985
9341 5825
8386 6081
9142 7748
9573 7729
7832 7191
8382 7670
9489 5366
9811 5072
10868 7087
10712 6228
9968 7010
7642 5163
10696 5301
11419 6159
11308 5247
9362 6976
11299 7480
11368 6322
11456 4930
7649 7016
10280 5917
8472 6409
8698 6988
11195 7070
8148 7288
8267 5047
10680 6349
8092 6771
9022 7715
9132 7798
8755 5034
11396 6989
11353 6657
7339 7790
7598 7789
10908 7762
8216 5883
10514 6895
8072 6471
8704 7632
10596 7410
7721 5030
8472 7206
8790 5144
9584 5965
9120 7636
11339 7470
7414 7303
9100 5776
8609 7157
9036 6489
7995 5254
11317 5919
9496 7755
9936 6272
11166 5859
10710 4878
8472 6624
7789 5493
8631 7083
10878 5097
7385 6734
9513 5244
8830 6503
7688 5022
10453 7202
11230 5044
11272 5270
9944 7622
10423 5319
9746 6165
11040 5709
8843 6637
9444 4962
8572 5664
7816 6604
7975 7086
10631 7027
10321 6474
7839 7401
11242 6538
11264 5275
11362 5161
8818 7520
11313 5917
10285 5524
7571 5100
10045 4969
10008 5754
7331 7683
11275 5050
10280 5564
10729 5667
8101 5971
8003 5639
9288 6254
11199 5986
9909 7444
8783 6194
7594 7667
10872 7558
9957 4951
8624 5829
10987 6953
8093 7288
8388 5294
11371 6212
7557 5834
11318 5964
7367 5644
11054 5943
7680 4979
8766 6201
9320 5425
9833 5737
9024 6498
11158 5269
9711 6148
9532 5724
9852 5449
9877 7688
11282 7739
11066 6572
10718 5581
9028 6460
9811 5518
7684 7787
9242 5006
8122 5149
10543 5440
11107 5863
8607 7464
8475 5804
8294 5408
9769 7402
8507 5972
8263 7589
10529 5423
8468 5491
8963 7730
9728 5393
9774 7808
9354 7568
10024 6805
8832 6304
8386 5545
9212 7701
9399 6945
8134 7661
9685 7533
9999 5486
8646 7712
7346 7281
9011 6597
9317 5390
8060 6320
9077 6231
9382 5612
8622 6916
9750 5905
9026 7233
11268 7229
7770 6701
8648 7083
8131 5182
8679 7197
9444 7371
10938 7129
7407 5318
10398 7803
11161 6465
10978 7477
10339 6252
9375 5369
8453 7439
10811 5048
9028 5575
8556 6886
7484 6159
9009 5891
11456 5901
8532 7085
11342 4967
10392 5874
7908 5722
7686 4997
9304 6485
7950 4906
8350 5291
9772 7322
11398 5881
8562 5215
11404 5253
9018 5628
8821 6816
8568 6778
8329 5212
11038 7428
9983 7564
7582 6425
9305 7675
9553 5994
10707 5364
7623 6128
11023 7169
9433 7183
9887 6796
11381 7755
9959 6284
10828 7740
8587 6921
11054 6794
10289 5749
8681 7042
9363 5006
9918 7000
9569 6588
11229 5588
8412 5574
7396 5762
11201 7262
8100 6130
8984 5428
7433 7002
8486 7216
8441 4977
8080 7323
8832 7317
7660 6795
9412 6556
11339 6690
10673 5506
9512 5013
10452 6785
9004 5105
7929 5010
10256 6297
10751 4913
8460 5262
9112 7081
9800 5179
10369 5860
9501 7019
10105 7755
7702 6942
8192 6553
10532 6429
8595 5498
9221 5714
8894 7109
7395 6833
8699 5439
9229 7791
10940 6638
7809 6195
10609 5646
8518 5595
9509 7016
11267 7251
10873 4987
8647 5643
8957 4923
8359 5337
7653 7379
9145 7118
10522 6434
8743 7135
10548 6077
8406 5607
8894 6425
10695 5302
10861 7608
11202 5264
10856 5646
10837 6071
8574 5109
9389 6006
11217 4882
10289 5655
8904 5540
9373 7732
7469 7576
8100 7152
10418 6897
10030 5140
11313 5500
10719 7280
10946 5181
8853 6759
11451 5676
11009 7507
9804 5552
10136 7606
8322 6928
9254 7303
10292 7382
10576 7435
11023 7618
8522 4872
9204 5322
9929 5069
9777 7032
7966 5011
11003 4884
9914 4959
10968 6540
11295 7492
7883 5074
11107 6626
8143 5716
9633 5811
7887 6968
7844 5535
7397 5841
7891 6445
9277 7083
10506 7450
10173 5559
7444 7271
7950 6851
7359 6627
9866 6723
8450 5822
10484 6087
10094 6949
8788 6491
9933 6604
7876 5661
8039 6709
8460 5212
10559 5645
9495 6708
11395 7747
9672 6739
11082 7605
8007 6801
10926 5133
7461 4987
9356 6692
7891 5517
8549 6570
10302 5870
9584 7162
7990 7579
10583 6217
11332 4856
7506 6743
9076 7133
7868 5963
7958 6866
9209 7260
10062 7126
9117 6470
8911 6911
7438 7069
9976 6341
9377 6737
7571 6532
8090 5169
8040 5004
8565 4948
8354 5013
9853 7437
10575 6719
8686 6113
9758 4942
10701 5768
10507 6981
10501 6890
8506 5115
7591 5250
8826 6853
8170 6082
9251 5111
7804 7098
9035 4996
7644 5487
7320 5074
8922 7500
8701 5197
10172 5283
9934 6183
9738 7040
8168 5855
9132 6161
8283 7491
9633 6927
11443 7146
9443 6676
9320 7307
10418 5774
11061 5574
8173 5661
7688 6925
7618 5104
10759 5486
7313 4858
8140 6579
9317 7289
10546 6249
7358 6741
10640 5289
9345 5955
10124 7560
8700 7413
7595 6865
10602 5447
9245 5270
7597 7270
7790 5138
10543 7251
8999 6255
11056 6720
8805 6762
9724 6318
10561 7200
8510 7607
8770 7271
9109 5181
8233 6538
9007 6489
11229 6496
8449 6128
8408 7465
8614 5722
9841 6237
8339 5839
11048 5957
7424 7498
11137 7290
8806 6352
10941 4926
10604 6230
10713 5813
10320 5385
9142 6665
8389 6683
7986 7159
11102 4991
10339 5742
8835 5000
8532 6946
10216 6166
9695 7063
9562 4974
8379 5175
7498 5452
10406 5241
10225 5621
7942 6279
11141 7332
10960 6027
9849 5823
9029 7367
10406 7642
10907 5525
10554 6868
10399 5851
7593 7142
10159 7777
11402 7718
9395 6713
10853 4851
9987 7157
7594 4873
8522 5215
7685 7756
11024 6187
9416 6547
8447 6889
8964 5063
7315 6371
10300 7706
10358 6475
9708 6746
9396 5531
9719 7730
8296 7113
7551 7605
8932 6621
9945 6488
9135 5832
9460 6991
10762 6745
11128 7209
7476 6863
7437 6697
8979 6952
9066 5632
9222 6450
7340 7389
9182 5129
8313 6555
8629 7316
7429 5955
9846 7729
9156 7162
8684 5171
9604 6927
11176 7261
9341 5558
8751 6055
9785 5890
7344 6084
8124 5132
8872 6041
9092 6493
10639 5336
8526 5322
11384 7414
7869 7731
9637 6763
9612 5243
11209 5275
9706 5459
9610 5592
7927 6602
10399 5786
9172 6032
10784 6602
10447 7564
9723 7779
7316 7260
7676 7350
8188 5600
10924 5018
8320 5393
7717 7677
9991 5504
8894 6248
11215 6792
10660 7511
8036 5924
8520 5762
9768 5325
8431 5069
8978 7282
10997 5133
9218 5200
11314 6897
7721 7227
11290 4912
7822 6574
9969 5700
8759 6060
11438 7528
8855 5396
7455 7282
8994 6437
9175 5836
9808 6446
8762 7354
10986 7440
9333 7281
8547 6167
8701 7020
7757 5505
8183 7790
10789 5723
8639 5311
10064 7010
9705 5584
9040 4992
10378 4928
7577 6564
7962 6842
10732 6451
10630 7084
10747 5785
8660 7602
8090 6164
9366 6987
10102 7681
11422 5322
9527 6787
11379 5133
11286 6156
9741 6763
9729 6202
10478 5357
10808 7161
10093 5184
7331 7107
11244 5996
8279 5833
8292 7798
9382 6143
9024 6534
8636 6963
7588 7645
9780 7721
8248 6355
10335 7454
10653 6568
7308 5543
10031 7295
9878 6109
7683 7604
10821 7187
8866 6506
11377 7446
11211 4916
9958 5735
11082 5522
7636 6461
10363 6978
10578 6873
9855 5494
9782 4996
7781 5737
8562 6357
8236 4950
7977 7388
7522 7284
11009 5861
8866 6853
11169 7079
7887 7524
10576 5502
11036 5134
7777 5412
10120 6828
10743 5423
9187 5886
9436 4970
9278 5742
7607 5937
11270 5923
10757 5380
9187 6440
10000 6581
8379 6650
8404 5463
11134 4897
10150 6403
7685 5962
9246 6962
9482 6944
10608 6498
11232 7484
8553 5507
7687 5672
8647 5854
11111 6277
10344 4959
8705 4894
9269 6643
7738 5739
11071 7802
8370 7030
10108 6224
10207 6910
9608 5424
11066 7741
8958 6957
9276 6266
9570 5898
8189 6767
7577 5421
11341 7610
9440 6048
10671 5343
10468 7806
9209 5088
8241 5824
10622 4903
10926 6559
8519 5381
7319 6347
8300 5795
11067 5090
10126 5821
8168 7723
10261 6160
8138 7806
10415 6127
9195 6981
7561 7755
8175 6815
10690 7570
9042 6972
7354 6003
8134 4859
7578 6713
9956 6165
8525 6253
9720 5387
10928 6663
10759 7071
9961 5198
8742 7498
11040 6621
11111 7769
9179 5713
10613 5417
8812 7579
10283 6719
9683 6169
10013 6876
11219 7109
10345 6503
10321 6837
7425 5318
11256 5912
8135 5804
9056 6839
11071 5718
10220 5583
10048 6724
8727 5383
10311 5907
7938 5851
8737 7024
11458 6674
9886 6329
9097 6500
8032 7266
7753 7247
8703 6261
11333 5786
10701 5740
9753 7628
10300 7190
9237 7161
10392 5245
10852 5616
9021 7314
10535 7471
10306 6425
11383 5955
10412 6280
10498 7803
8357 5955
8358 5586
9925 6585
9426 7070
10948 5160
10962 6090
7945 5406
10452 6581
10885 7051
8995 6279
9823 6791
9714 4927
9345 7363
9266 5167
7427 6237
7423 7119
10296 7437
10780 7587
9796 5526
10979 5875
9453 4993
10145 5494
10830 6547
8911 6813
10892 4936
7480 6088
10221 7809
10780 6799
7859 6081
8136 6777
8009 7145
10850 6066
9079 6924
9322 5452
10162 5015
9359 7460
8485 5817
8899 5784
11190 5595
11392 4851
9512 6513
10644 7184
9075 4841
10760 6413
9929 5648
8933 7628
9976 7658
7958 6120
8177 5593
11366 5491
8694 6041
9799 5849
10832 5989
7713 6438
9423 5263
11066 5085
9491 5440
7375 6596
10269 7106
11110 5877
10677 5209
11108 6025
8676 5246
7924 5688
11448 4969
11049 6397
8514 5379
7411 7792
10783 7334
7659 6042
7778 5582
9704 5870
7617 7217
8920 5491
11077 5637
7384 5751
9017 6852
9792 6973
10894 5885
8115 5494
8441 6548
10716 6250
10069 6328
8688 6248
11335 5680
10852 6529
8213 5136
10321 6850
10212 5941
9953 5064
9225 7048
9933 5085
7834 7094
10682 6674
11449 7723
9459 5704
8262 5218
8287 6360
9065 5291
10587 7679
7485 5558
8140 6193
10021 5530
11067 7629
9351 5318
11002 5155
9969 7272
10549 7484
9097 7560
7521 6919
8671 7210
9392 7327
10271 5187
8327 5828
9756 6243
7738 5433
8487 5492
8436 5395
7494 7318
7478 6902
10402 6668
7615 4904
8835 6607
8715 6909
10208 7480
9940 5338
8644 5346
10538 5361
9328 5507
8336 6450
7570 6166
10386 5031
10419 6294
9618 6008
7670 5889
10493 7102
7494 7779
9680 5320
10973 7079
9914 5227
10995 7624
8613 5489
8233 5497
7828 5041
9502 6305
9993 7289
10176 6773
9130 6982
7929 5607
9077 5193
8701 7185
7384 6649
11434 6371
11203 5442
8602 6154
8111 6898
11417 5649
9527 6663
9309 7785
11106 6191
9336 6897
9162 5052
10941 5540
10402 7680
10274 4875
7534 6478
9173 6745
8656 7048
9922 4883
10427 6002
9984 5327
10513 5551
11318 5425
8631 6548
8065 5922
10861 6655
9626 6107
8812 7432
9534 7051
9113 5940
9947 6850
7992 5043
9106 6381
10584 7048
9695 6117
10474 5413
11269 7490
11072 6666
10494 6784
8760 5404
7773 5905
8740 7111
8553 5160
10936 6280
7815 5669
7876 6597
8899 5666
10114 6056
10004 7634
9552 6020
11453 6694
9544 6795
9057 5120
9361 7030
10067 7293
8413 7020
7911 7510
8536 7643
8393 6012
8077 5073
9683 6181
11144 5257
9823 6951
9785 7617
10872 6466
8828 7745
11263 7357
10537 7444
7716 6805
10978 6349
8041 6223
7920 5315
9467 6797
8256 5281
9489 5801
11442 6948
10638 7784
11109 6558
10444 5640
7858 5734
8683 7652
7975 6336
7490 7690
9425 5903
10775 4987
8112 6041
7428 6952
8628 7218
10424 6879
10948 5335
7815 5635
10720 6695
11132 5807
7925 5393
10798 5687
10609 5517
9117 5094
10531 6169
8522 5103
10105 6125
11002 5009
8518 5702
10376 7484
8949 5986
10691 6983
9182 5648
9385 6738
11242 5699
9629 5391
7448 6152
7550 7320
8561 4903
7797 4959
7386 6454
8803 7435
7707 6156
8723 5297
8205 4987
9398 6401
7500 5524
10975 7590
9949 4901
8160 7750
8591 6731
11099 5921
10646 6290
10515 6520
10730 6539
10106 7383
9811 6177
7690 5268
11249 5476
9914 6996
11221 5637
11280 6280
10633 4859
11030 5284
11119 5339
7530 5748
10628 6115
7990 6639
10757 6625
10402 6467
11235 5828
10259 7319
8272 7342
8008 6747
10789 6116
8638 7080
8573 6123
9630 5420
10945 7734
7401 7697
8284 5513
9030 7603
9702 6789
9497 6722
9296 5184
7318 5382
8714 6193
9930 6677
8236 7733
9963 5878
7978 7649
11094 7052
10301 6448
10252 6528
9410 5578
9609 5240
8161 5221
7743 7801
9845 6145
7879 5895
8721 7496
10590 5767
7551 6902
10556 7586
7848 6147
8781 7593
9965 7786
11407 5030
11225 6837
8597 7753
9166 6009
10873 7644
11196 6115
11194 5710
8101 5472
11118 7686
9295 5448
10763 6351
9231 6001
10602 5664
8775 6624
10422 5218
9368 7716
7481 5536
10240 5609
8587 5941
11196 6260
8242 5700
8694 6707
9747 5466
11229 6311
10908 6724
8319 5435
11193 4850
7971 5623
9818 7813
8102 6790
9911 5359
9417 7399
10485 6534
10716 6339
10865 6663
7537 7671
9881 6616
7915 7480
11319 6755
9754 7280
7473 6810
10184 7286
10393 7239
7756 7578
9049 7748
9598 5988
9905 7807
11227 7347
8188 6536
11223 7423
10340 5287
7586 4886
10850 6788
8254 7527
