9450 2344
8312 2624
8371 1874
9403 2534
10139 3568
9300 2915
11359 2512
8040 1907
9505 1665
9547 3281
9113 2339
10947 1664
9531 3397
8558 2205
9588 3634
10369 3453
10894 3087
10801 3282
10301 1875
10934 3199
9081 2348
8444 2496
10341 3670
10595 3071
8924 2579
9858 3519
10776 1502
10812 2036
8775 2760
9419 3186
11246 2332
9101 3157
10811 1455
11387 2507
9272 3667
9266 3475
9745 1742
8255 2478
10752 3063
10994 1689
10593 3238
8074 2053
10288 2480
9782 2021
10879 1527
9551 3305
10971 3065
9044 1983
9876 2824
10306 1445
8849 2162
9062 3104
11047 3103
8858 1594
8543 1685
11297 2246
10947 3005
11220 2244
10484 2677
8628 1744
9324 2113
9163 2272
8145 3629
8896 2273
9874 3310
10655 1541
9741 1563
9426 2853
8257 1436
9796 2505
10100 3555
8185 1951
8432 3018
8865 1531
11198 3403
9096 2518
10442 1754
11426 3315
8402 2231
8821 2078
10490 2697
8957 3133
10997 2371
10587 1614
9181 2730
9567 3705
11075 3436
11054 1903
8052 3176
11033 3203
11159 2957
11107 2295
8728 3290
11005 3075
9011 3463
11273 2858
10767 2795
11382 2524
10627 1393
8524 3349
9953 1561
8582 3378
9542 1778
9205 3124
10387 3658
9470 2294
11014 2555
11007 3594
9160 3248
8573 2768
9405 1677
10503 2814
8425 2458
8575 2737
10022 1746
10286 3511
10959 3051
9648 2359
8310 1584
8786 2695
10523 2671
8037 2147
8841 2462
10790 1937
8729 3055
11444 1993
8333 2775
11138 2445
9750 1693
8094 2347
11160 3257
8709 1555
10025 1870
10369 2167
8513 3610
9162 3315
11043 2074
8500 2293
8096 1571
9240 2509
8865 2124
9013 3110
8943 2927
10290 3081
9086 2031
10832 1540
9478 2886
9455 2540
9595 2443
11209 2677
9843 2586
9212 3460
7959 2927
8658 2074
9946 3216
8742 2895
10589 3613
10330 2981
11032 1699
10669 3468
10898 3008
11065 2759
9083 1962
8613 1627
8370 2648
8471 3602
10750 2858
11352 2260
9538 1424
10481 1582
11204 1394
8675 2704
8590 1771
10575 2417
8949 2284
9787 3643
9493 3312
11398 1670
8388 3434
10796 1582
7968 3405
9512 2968
8956 2760
8832 3029
9962 1983
9378 1860
10615 3047
9148 2430
10943 1565
8711 2903
9555 1623
8283 2837
9578 2222
8261 2522
10678 2809
10354 2302
10572 1951
10174 1930
10749 2393
10883 3158
8605 3406
8259 3310
9313 1978
10861 2590
9589 2899
8396 3700
11031 2315
10667 3561
8690 2685
8429 3634
10210 2291
8098 3550
8139 3391
10814 1667
9872 1806
10501 3091
11342 3405
11163 3492
10070 3346
8880 1705
11040 1769
8072 3148
9819 3631
9061 2182
9525 2682
8106 2004
9024 2862
9223 1852
8358 2430
9761 3660
8902 3132
8692 3077
8435 2417
10294 2273
10419 2450
9383 1702
10906 1959
11260 2089
8733 2367
9919 1381
9520 2337
8466 2328
11096 3360
9018 2932
11318 2894
8543 2386
8222 1844
8185 2565
9471 3341
9655 2973
10606 2715
11073 2634
9563 2267
10390 3300
8947 2308
9313 2413
10939 1935
8838 2399
10486 2635
10549 1485
9023 3020
10381 3515
8155 3125
9546 1683
8729 2201
10413 2483
8919 2998
8526 3140
11330 3362
7959 1917
10021 1588
10527 3488
9054 2131
10270 3384
11006 1641
11077 2027
9548 2103
10157 2499
9447 3549
10209 3543
9154 1872
8841 2287
11451 2754
10896 2457
9592 3282
10974 2965
8701 3147
10199 2857
7941 1730
10351 1429
9037 2280
10067 2128
9286 1896
9226 3126
8937 2170
11035 2206
8749 1935
8963 2304
9885 1792
8969 2267
8704 2100
8237 2830
8788 3345
11394 1509
10581 3542
10276 2587
8428 1914
10753 3707
9659 1624
8782 1922
8812 2097
9292 3693
11045 2787
11221 3116
9489 2233
10578 2176
8529 1735
9304 2162
8253 3376
10925 3506
10724 1749
8259 2983
9722 3364
8473 3563
10868 1383
9835 2732
9880 1751
11400 2587
8860 3020
9704 2197
10660 2636
11226 1965
10424 3610
8587 3482
11375 2608
8090 3319
8942 3612
11156 3430
8506 2468
9691 3337
9671 2390
10003 2439
9887 1551
9180 3145
9767 2148
9380 1750
10907 1666
8450 3594
8252 1495
9902 3102
10666 2911
8923 2160
9203 2192
10661 1659
10498 2218
11121 2650
10941 2277
11334 2044
9214 3521
8358 1558
8668 2516
10324 2832
10021 3449
8054 2826
9058 1693
7933 2349
9395 1746
11149 3389
8895 3149
8655 3327
8363 2390
8010 1802
11385 3466
9404 3186
9989 2866
8322 1873
8121 1918
8091 2631
10048 2084
9033 2178
10115 1786
11079 1636
10218 1635
8156 3039
8171 2107
8590 1485
9233 1978
8086 2179
9105 1681
9440 2919
8042 2441
7976 1430
9032 1769
8819 3056
11012 3263
11423 1593
9243 3580
9657 2158
9253 2946
8654 2333
10711 3040
10497 2782
9215 2691
9918 1870
10957 2649
8092 2855
9214 3173
9799 2320
8760 2765
11086 2009
8074 3373
11305 3606
11073 1671
11051 1829
8193 3652
11220 2183
8106 3640
8260 3681
11246 2824
10088 2580
8655 2677
10691 3204
10450 3436
9671 3552
10331 2192
8866 2798
8860 2470
8262 2862
9324 1560
8670 3441
8386 3393
11364 3277
11157 2319
9579 1691
11169 1997
8147 1790
9452 2385
9622 3602
10363 2940
9305 3441
8479 2179
10196 2499
8740 2879
10899 2214
11042 2036
9535 2787
8493 3589
10643 2468
8166 1630
8913 3079
11139 3597
8402 1989
10037 1898
8438 2423
9435 2280
9255 2638
8067 3098
8949 2985
11143 1998
7938 2432
8021 3442
10576 1827
10674 3547
11365 1797
9338 1559
11187 3103
10283 2248
8773 1504
9927 2770
9356 3341
11175 3273
7927 3366
10318 3090
8699 1811
8906 2812
8574 3526
11338 3517
8704 3297
9592 2438
11391 1633
9910 1763
10776 1840
10960 3633
8684 3393
8246 1615
10198 2145
10867 1692
10147 3178
11027 1651
10411 3673
9894 2493
9674 3352
10251 1448
10682 2258
7958 2709
10954 2179
9842 1825
9249 1777
10606 2147
11182 2019
9039 2139
8609 2477
10217 2135
11320 2902
10047 3596
11162 1935
9699 2343
9073 2442
10872 2494
10074 3051
8047 1763
10079 1760
10969 2248
9120 3050
8352 3062
11274 3356
9773 3486
8352 1720
11062 2506
8561 3246
10892 3584
9324 1717
11006 2765
8886 3354
9128 2798
8293 2167
11406 2853
10598 3704
9468 2408
8073 2556
11116 3222
8638 3504
8813 3283
9493 2013
8400 2425
9483 2798
8686 2796
10567 3424
10781 3122
11372 2401
9269 2745
10735 2515
10095 3020
10005 2049
10048 3623
8647 2951
8566 2056
9734 2506
8433 3210
8503 1927
10548 3079
10910 1403
9337 2543
8140 3590
10050 1809
10142 1882
8668 2896
8718 1860
10401 2862
11298 3217
11013 3435
10453 2192
10248 2237
8428 3681
10203 2950
11329 2442
9527 1824
8666 3225
8655 3627
9440 2486
9582 1772
10260 2362
10715 1558
9012 3444
9586 2841
10750 2279
10484 2665
11045 3250
8860 1560
10148 3370
9701 2939
8766 1521
10311 3529
10943 3666
11094 2503
9828 1840
9161 3640
9361 1795
7992 3673
9027 2024
10457 1831
10764 1451
10766 2419
9816 2452
11352 2392
8814 2473
8989 3253
8045 2451
8386 2367
10201 2408
11243 1954
10421 3010
10538 3175
9660 2874
8629 2669
10312 2250
9237 2378
9910 2187
10737 3386
9831 3675
10901 2272
10884 2877
8686 2041
9045 2974
10990 3099
10754 1431
10541 3470
10033 3343
11446 1920
10564 3295
8195 3305
9829 2139
8944 2661
8812 1987
11204 2256
10943 3643
9717 3298
10647 1731
8776 3045
8748 2216
8150 3496
9714 2748
10321 2355
8851 2124
8935 2585
8284 1876
9857 3004
9617 2749
11157 1395
8972 2980
10084 2155
10545 1738
9618 1515
8493 2325
9580 2781
8884 2435
8190 2323
8272 2771
10017 2026
9184 2129
9202 1727
9310 3536
10078 3083
9869 2098
8345 2424
8403 3119
10236 3671
9728 3084
8887 1803
8586 3060
8142 2585
10928 2922
10451 3146
8470 1943
10338 1951
8657 2714
10073 2374
10204 2723
10431 1624
10593 3309
8385 1577
10961 2447
8045 3650
8668 2767
10245 2356
8855 1858
9060 2361
8213 2866
11000 2071
9264 1605
8542 1799
8077 3361
10608 2906
8728 2088
9425 3052
10546 2030
8314 2017
10565 1690
10998 3129
9024 2091
9767 2866
11456 3631
10266 1994
10212 3709
10039 1556
9759 1592
11389 2643
8274 1988
9409 2079
8316 1505
8254 2763
10987 2721
8954 1682
10597 2375
10979 2219
10695 3052
9549 3086
9229 1481
8311 2452
9735 2351
11237 1906
11455 2691
8098 2585
10064 3324
8996 1482
10592 1598
11003 1751
9494 2263
8531 1733
10661 2339
10691 2955
9916 3568
9120 2861
7952 2231
8136 3471
8560 1828
10277 1877
9570 3569
8129 3435
8996 1459
11032 1803
9785 2392
11371 1949
9541 2076
10655 2214
9065 2970
9357 2513
11030 1953
11380 1449
11144 2214
11089 1595
10060 1978
8241 3114
10758 2826
10715 2359
8157 2348
10229 3465
10788 3023
8608 3539
8083 1916
10203 2280
7974 1817
8286 2411
9164 2950
10558 1794
10001 2421
10781 3354
11019 3118
8103 2217
10212 1388
10489 2992
8908 3466
9369 1525
8549 3612
9628 1860
8671 3229
9464 3228
10487 2834
8030 3173
10457 2191
10851 1588
8614 2395
11445 3631
9690 1721
10988 2109
9280 2449
9397 2203
9859 1783
8498 2560
10221 2719
8980 3628
9598 3373
9478 2115
8075 3421
9414 1906
10045 1604
10644 1578
8474 3283
8960 2061
8674 3282
8035 2271
11070 3245
10596 3333
10256 2154
11375 3358
7987 3286
9376 1878
10018 2361
9100 1584
8266 3039
9589 2544
11423 1693
10708 1643
11234 1662
9542 2410
9217 2664
10114 1928
11311 2713
8824 3537
10095 2027
8377 2227
8843 2774
10607 2728
10304 2291
9277 2166
8453 1572
10368 1578
10701 2384
10818 2615
8473 1801
8565 1833
10630 3325
10660 2791
8990 2334
10536 3634
11055 2235
9937 1615
10590 2716
8100 2886
8664 1523
10551 1539
9151 2887
8301 2439
8646 3500
8564 2487
8445 2273
8690 1451
10436 1650
10350 3152
9279 2218
8621 1593
10777 1492
9665 1535
8859 2079
7941 1457
10180 1542
10137 2691
9635 3614
11297 2475
11453 2711
7970 3379
11118 1845
10318 1798
10107 3665
8414 3625
9099 1459
11012 2911
9753 2789
8123 1721
8758 3019
8586 2784
10651 1433
8766 2989
10955 1602
8581 3327
9209 1920
9336 2290
11071 2659
11402 3270
9260 2825
9574 3247
8669 3665
10840 2820
11216 1992
10724 1749
8606 2046
10125 3494
8662 2037
9250 2881
8536 1407
9265 1930
11301 2243
10468 1738
9540 1895
10310 2330
8136 2250
9725 3047
9872 2629
8478 2538
9729 2400
8629 2263
9289 1528
10273 2556
9110 2173
10567 3664
8067 1679
8280 3084
8240 1599
8384 3357
8038 2771
7947 2343
10372 2752
9063 2445
8925 3125
8556 3021
8267 2426
11023 2328
9186 3560
10175 3132
10353 2125
9635 2391
8629 3148
10526 3212
9690 2597
9217 1425
8974 2490
11190 2684
10401 2377
9766 1657
8731 1709
8917 2620
10850 2655
9631 1621
8386 1878
8087 2839
11044 2662
10966 2325
10937 1958
8096 2787
10072 1586
10625 2134
8645 2635
8412 3608
9398 3114
11363 3377
9557 3210
8433 2624
9045 2882
10380 2028
10231 2318
10627 1535
10946 1615
9188 3437
8315 3664
10166 3667
8523 3284
9518 3532
8982 1645
10113 1502
9367 2349
9736 2586
10326 3141
11305 2239
11074 3519
8803 2498
10731 2922
8464 1423
11197 3576
10401 2992
11247 1796
8781 2862
10422 3143
8318 3192
9828 1985
8088 3618
10413 3271
9335 3093
8199 2813
9016 2373
9639 2655
8228 2846
10826 2171
9637 1810
10128 1832
8763 2425
8850 1715
8366 2876
8606 1494
9806 3024
9782 2286
10003 2142
8239 1832
10606 3640
9256 2910
8561 3239
10730 2637
8164 2928
10718 1407
10494 3466
8288 2338
10814 2368
8285 2831
8360 2593
8483 3212
10685 1392
10624 3313
11130 2068
10011 1807
10841 1512
9359 1394
10564 2858
10798 3078
9190 1419
10983 2990
11029 3236
8273 2705
11211 2838
10708 2364
10096 3559
10175 2045
7953 3560
9608 2004
9842 1748
9718 3442
10475 2300
8543 3711
7987 2776
9998 2729
9503 2830
9151 2230
9057 2371
8381 1816
11169 3416
9501 3007
11441 2167
10876 1949
10543 2023
10472 2360
9916 2088
10435 2319
9623 2550
10515 1933
10657 3190
9114 1648
9179 2493
11359 1408
10259 1646
10508 3686
11393 2066
8423 2485
9462 2053
9199 3563
9964 2851
10267 1613
9807 2781
11198 1993
8631 2962
9250 2998
9338 1966
11152 2627
11393 2165
10252 1870
9512 1848
10219 3044
8469 1668
8376 3011
10677 2421
8392 3491
8425 1550
11140 3677
8566 3214
8370 2472
8971 2983
8398 3206
10493 2096
10961 3654
9983 1717
8971 3491
9108 2180
8487 3292
10895 2769
9668 3313
8225 2495
11221 3229
8714 2480
10944 2687
10119 2308
7985 2731
10755 2534
8515 2669
8681 3678
10785 2920
11151 2861
10164 1836
10638 3164
11151 2512
10398 2840
8055 2620
10754 2401
11047 1781
9907 2082
11066 2316
9364 3041
10216 3356
10080 2034
10734 2445
8838 2999
10287 2465
9076 3531
9937 2474
8097 1907
9309 3036
11035 2725
9101 2361
11317 2518
9489 3146
10878 1453
10963 1788
10974 3479
9911 1805
11325 2489
10714 2239
10419 3141
8228 2236
11407 3083
10681 2793
8077 2744
8152 3172
8317 2896
10799 3542
8030 3638
10423 2566
11203 2013
8081 1785
10335 2385
9366 3519
9725 2552
10044 3461
9293 3163
9750 1538
11340 2517
8823 3008
9522 1827
8415 1644
8517 1389
9034 2737
8417 3043
10711 2378
9703 2124
9946 1703
10770 2272
8431 3060
11208 1527
8432 1459
8494 3123
11285 3051
8451 2800
10015 1838
8715 1870
11132 3523
9302 2123
11097 2423
10021 3516
9370 2177
9250 2921
8328 3618
11376 3256
8038 3575
10594 3494
9939 2883
11182 2900
10007 2964
9429 1529
10692 2742
9106 2941
9007 2370
8934 3433
11280 2112
8993 2126
9635 2958
9991 3504
8963 2413
9108 2026
7948 3640
8746 1417
9558 2359
10156 3494
11229 2010
8972 3489
11232 2354
8251 2746
9971 3460
8110 2433
8853 1489
8015 2877
10638 1652
9203 3654
11219 2633
8378 3592
8258 3716
11010 3578
11355 3182
8704 2191
8160 1712
9202 3431
10851 2476
9859 3169
8782 2965
10868 1747
8070 3189
10468 3685
9165 2916
10878 2658
10639 1385
9106 2626
10766 2909
9543 3605
9248 1579
9966 1796
11011 2357
10050 1800
10050 2028
11396 1863
8129 1478
10120 3646
8314 2253
10305 1557
11298 2138
10056 3578
10476 1575
10152 3659
9765 2981
8361 2704
10846 2502
8987 3603
10236 2750
8377 1855
8708 1675
9869 1921
9020 2269
8078 1889
9507 3118
10140 3254
11347 1732
9115 3609
10140 1435
9818 3419
10584 1683
8378 2596
8981 1466
9349 2524
9067 2795
10999 2221
8881 3433
9517 1865
10033 3532
8844 2316
11220 3135
10367 1843
9063 2126
9217 3423
10718 2872
11448 1556
8109 2600
11091 2171
10802 1627
8757 2823
10308 2643
8141 1885
9237 3056
8870 2153
10615 3643
10922 2344
8031 2375
10505 3342
10887 1609
10763 2652
10228 2911
11362 1815
10809 1382
9905 1643
10377 3670
10569 3430
9236 3037
8025 2093
11385 2734
8982 2871
11145 3617
8960 2895
8635 2392
10975 2537
9328 1722
8577 3584
10092 3133
7959 3541
8003 1921
10837 2199
8981 2315
10818 2360
9528 2562
8724 2850
10396 2818
9474 3514
10249 1944
10999 1791
9340 3061
8566 3344
8608 2630
10328 1576
8079 2572
9783 3259
9939 3549
10271 2920
8588 3382
10775 3187
10569 2334
9726 3682
9837 2731
8087 2462
11046 1954
10451 1408
11378 2466
8437 2554
9089 2118
9141 2419
9266 2647
10251 1578
8154 2893
10844 1469
10153 3574
11025 1924
10818 2577
11081 3655
8136 1823
11219 1442
9746 2354
11137 1459
9678 2806
8759 1438
8413 1921
9946 3631
8865 2215
9655 1443
10553 2670
11029 2579
9789 2611
9083 3604
11156 2172
9886 3520
10322 2446
10529 2133
9133 2799
9143 2954
8073 1847
10871 2988
9606 3165
9631 2277
8418 2476
8734 1694
10177 3164
10010 2535
8017 2490
11426 2705
10620 1751
9343 2866
9102 3184
9463 1416
11162 3355
10315 3506
11199 1938
11359 2452
10142 3413
10164 3106
11232 1631
8599 2995
8892 2865
10166 1462
10731 2163
9963 1900
11170 1414
10940 2453
7924 2020
8064 3358
9666 2581
11043 1913
8764 1414
8913 3403
11442 3501
10047 2823
9555 3390
10222 3241
9034 3369
11442 2416
10940 2942
10058 2914
9619 2724
9743 1685
11194 2340
8571 1876
9256 3543
10411 2391
8589 2085
10752 2797
11352 2940
9319 3454
8732 2705
10079 1527
8160 3450
10873 3345
10237 2272
10012 1983
11114 1586
8996 3192
11410 2919
8269 3264
10452 1601
8431 1403
10764 2962
9085 3292
8046 2102
10139 3462
10727 3019
9106 1712
10802 2018
11133 3635
10251 3350
10243 1939
10343 2439
8453 1497
9051 1819
8707 2923
9390 1681
11201 2674
9995 3338
11228 3219
9648 2870
10724 2187
8578 1925
11361 2787
10305 2311
9336 1668
8903 1388
10848 3473
10603 2026
10298 2030
9737 3026
9427 3573
8543 1781
10168 2769
10102 3604
8673 3022
10222 1476
9589 2223
8775 3123
10648 2527
9238 2945
11316 3375
9946 2831
9453 3183
8046 3564
9787 1418
10778 2220
8208 3298
9238 1672
11311 3374
10430 3590
10429 1812
9708 1915
10143 1837
8550 2726
11156 2420
10776 2051
10658 3403
10501 2249
10368 2263
11382 2271
11429 2239
8836 2276
8435 1972
8019 2534
8976 1734
8232 2883
9266 1755
8976 3698
9001 2799
9137 3253
9241 3398
8606 2661
9490 3364
9288 1923
9841 3023
8128 3247
11355 2695
11454 1598
9237 2009
8593 2623
8337 2292
8318 3164
8019 3096
10443 2005
9186 2682
10863 3513
9548 1958
10860 1585
10531 3702
9151 2062
9092 1380
8483 2962
8500 2188
9449 3671
11387 1712
8283 2273
8750 3497
8122 2514
9684 3143
9198 2303
10878 3353
10565 2853
9258 3146
8952 3472
9911 3646
8994 1777
9750 1451
8522 3440
10549 3601
8786 2282
9306 2684
10880 1881
10178 2249
11409 3215
9999 2008
7984 3690
11003 1788
9097 3276
9715 3613
9141 3642
10974 3372
10586 3418
7976 3679
8483 1817
9244 2824
8474 1550
10485 2737
9964 1703
9806 2712
9203 3375
9302 3632
8899 1802
10483 2207
9880 1891
8260 3029
7936 1696
9141 1669
8669 2317
11083 3110
9613 3609
10315 2009
10556 1644
10002 3187
10255 3275
11338 2300
8435 2278
11073 1524
9457 2473
9722 3075
10430 1426
9368 3216
8213 3143
9855 2167
8810 2092
10215 1500
8865 1868
10983 1821
9702 3113
10431 2794
8620 1514
10710 2191
8580 3566
9706 3431
9457 1880
10835 3016
9183 3025
11184 2829
8882 3717
10981 3114
11047 2626
8936 2165
9218 1464
11112 3713
8556 3568
10626 1529
9309 2436
8058 1583
10669 2704
10456 2673
9358 3149
9777 2316
9992 2015
8188 2761
11180 3659
10412 3164
9211 2979
10414 3222
8754 2026
8654 2631
9034 3315
9095 1699
8672 3141
9944 3234
10952 2248
11093 2456
8345 3149
8681 2093
9533 1387
10747 3346
11437 2552
7931 3452
11449 2337
10821 2715
10521 2931
9074 1855
9515 2529
9317 3528
9460 1523
9722 2006
8775 2458
11324 2836
9924 2740
11387 3631
9460 1742
9000 2517
9447 1614
8743 2698
10787 1948
11079 1665
8443 3453
8300 1432
10265 2684
11407 1592
10135 1692
8025 2116
9237 3022
10196 1668
9416 2931
10593 2186
8231 2949
9403 3596
8679 3009
9382 3316
8777 2062
8281 3586
11419 3071
7994 2633
8741 2913
7974 1817
10447 1743
8785 1770
8450 2915
10517 2980
10746 2203
10839 3413
9214 3493
11449 3097
8509 1782
8844 3167
8118 3560
9173 2236
9437 3517
7993 3380
10100 2080
10497 1699
9951 3159
10944 3030
10174 2414
8478 2090
8788 2049
9842 2385
11131 1854
8462 1394
8191 2744
11340 1836
11400 2586
9568 2414
9940 2603
8875 2976
8149 3202
9886 2995
9516 3142
9922 2938
8307 1721
8558 2795
8038 2872
9506 1854
9940 1990
11186 2133
9916 2550
10041 2030
11018 3417
8829 3649
10850 3356
9457 1936
9803 2691
8463 1426
8188 2092
8062 3069
9236 2354
8038 2072
11277 2727
9030 1722
8872 1571
9477 3000
9977 2716
10434 1810
9947 1807
8266 2294
11248 2662
10796 3132
9935 3510
8659 1946
10178 3594
9810 2720
10113 1626
10219 3422
10877 3512
9781 1813
9558 2434
11442 3630
9177 2550
8051 3512
8914 3719
10883 3164
11043 3532
8234 2343
10315 1674
8168 1619
8310 3482
8517 3218
8163 2604
9234 1697
8490 1914
11293 2381
10966 1886
10924 3672
9983 2970
9257 3051
9404 3046
10966 2371
8537 2975
10067 2719
7964 1895
10591 1846
8455 1583
9563 3307
9592 2046
10562 3268
9980 1760
9662 1504
10871 3595
10770 1976
9478 2606
10618 1567
8236 1685
11362 1388
9365 1895
9744 2235
10340 2660
10391 3131
10551 2772
8754 3145
8718 1705
8850 2677
10837 2149
8045 2782
10292 1428
10375 1458
8932 1465
11136 3130
9648 2595
8286 3034
9288 1408
9918 1624
8472 3064
11330 2080
9108 2494
9692 3524
10452 1967
8172 3604
10815 2639
11141 2274
9025 1972
9852 3258
11397 2362
8135 2256
10035 1672
10023 2240
10156 1761
10181 2248
10785 2282
9413 1547
11090 1528
10830 1709
8668 2872
8158 3391
10889 1843
10401 3216
8599 2501
8892 1444
10184 3383
8081 2932
8293 2945
9630 1751
9311 3342
7952 2207
10348 3058
10686 3518
9861 2836
10355 2887
9277 2799
10916 2124
8760 3552
10266 2311
8712 2868
8986 2943
9280 1762
10947 3239
10854 2582
10667 1859
10784 2944
9802 1862
10355 1554
8828 1944
10854 3509
8276 2576
8650 2023
9118 3306
8188 3290
8925 3053
8491 2169
9720 3221
9525 2545
11273 2869
9620 2536
8146 1846
8556 1716
11109 1724
10779 3649
9417 3368
8975 1884
9125 2649
9799 1523
10903 3652
10616 2164
10180 1997
10589 1825
8003 3691
11342 1971
9591 3605
10592 3673
10688 1938
9685 2425
11074 3175
8679 2932
11063 3716
9063 3358
10102 3643
10578 2131
8263 3449
8666 2837
9706 2518
9697 2498
10480 2398
11066 3334
9264 3187
8817 2358
10259 2556
9113 2300
11171 3060
11350 3163
9820 3212
8914 2071
10890 3651
8663 2526
11131 2592
11393 3081
10854 3653
8417 3030
9092 3152
10226 2848
8876 2746
11029 2644
8686 2876
10434 1800
8464 3354
9791 3099
9905 3381
9845 3030
8566 1419
9988 3658
11023 2624
8294 3671
9360 2600
10597 1946
8380 1611
9617 3530
10548 2930
10802 2735
11384 1951
11418 3437
8933 3226
10343 2580
9555 3553
10242 1987
9917 2586
9306 2864
8588 2742
8413 2432
10178 1626
9113 2868
10111 3030
9126 2613
10282 2913
11111 1409
8262 2296
11330 2417
10127 3427
10678 3314
9775 2363
8853 2898
11245 3571
8646 1462
8491 3052
10630 2763
8175 2319
10049 3349
9269 2071
10078 1695
10120 2501
9825 3236
10872 1404
11202 2491
8450 3138
9560 1618
8574 2311
10873 1649
11370 2186
8584 1982
9588 1714
9464 2584
10900 2591
9154 2244
9031 2857
11045 3308
9173 2207
8593 2874
8994 1531
9915 3377
9220 1758
8222 3578
9548 2253
11151 2438
8624 2343
8958 1515
11071 3332
9927 3625
8348 3294
9582 1471
11244 3632
9805 2808
8334 1817
10791 1416
8318 2457
8682 2025
11107 3150
11292 2446
8147 2330
8043 3047
9786 1971
9137 1529
11087 2250
11061 3560
10887 3427
8182 3180
8625 1810
10827 2463
10121 2242
9421 1429
11104 2541
9372 3625
8759 2196
11136 2806
9765 3710
10584 2532
10416 2641
8023 3358
9616 3519
8634 2916
11456 2994
9947 3665
10283 3132
10601 2804
10904 1737
10233 1670
11385 1922
10747 1936
9031 1666
9429 1699
11169 2835
9445 2762
10401 2023
8888 2378
7520 4051
8954 3959
9399 4099
10845 4133
8720 3916
10887 4468
8018 3854
10986 4063
8249 4522
7320 4119
7801 4489
9461 4046
10095 3767
9723 4423
8845 4351
9284 4010
9042 4017
10034 4341
11374 4114
7323 4178
9339 4340
11159 4240
10288 4032
7695 4549
7874 3859
7579 4469
8676 4012
7409 3965
7373 3992
9756 3822
10733 4129
9647 3783
9690 4057
10452 3731
8428 4162
10577 3971
8840 4278
7518 4528
8758 4587
10936 3938
9062 4218
10028 4083
9559 4095
9903 4258
11393 4069
10026 4246
10402 4404
9058 4544
8492 4581
8493 3977
7975 4500
9125 4004
9303 4495
9970 4091
10503 3992
9181 3836
11210 3941
7339 4472
8584 3730
8232 3948
11127 4309
9317 4123
9203 3818
8065 4189
7446 4212
9075 4343
9176 4566
9636 3823
10562 4434
9158 4401
9423 4069
8354 4500
8120 4420
8855 3865
10224 3876
7537 4228
11006 4452
7487 4556
9012 4434
9649 4172
10206 4445
9374 4337
8723 4275
9289 3992
7757 4422
7782 3810
8459 4062
8710 4402
8911 4207
9428 4471
7542 4214
7775 4250
8513 3771
10836 4307
8400 4507
9578 4023
9752 4436
10390 4574
9078 4432
10760 3997
10300 4388
7810 4057
8384 4501
9202 4055
9255 4408
7361 3752
11208 4268
10225 4182
8963 4352
10328 3960
8339 3856
9653 4382
8448 4357
7995 3926
8884 4178
9001 4397
7445 4394
9692 4095
10053 4426
10494 4097
11241 4513
10594 3940
8368 4427
10948 4224
10883 4487
8951 3837
11257 4045
10225 4198
11040 4309
8071 4286
7603 4183
9402 4042
10277 4449
9403 3869
10953 4085
11168 4066
10613 3903
7614 3963
8607 3742
7966 4052
9578 3865
7303 4511
10586 3922
8899 4439
7487 3883
10167 4226
11376 4180
10753 4254
8382 4454
8525 4191
9185 3974
8554 4247
7396 3972
10138 3813
10929 4413
8474 4125
9977 4043
9971 3763
9948 3942
8087 4427
11339 4165
7669 4182
8712 3986
8366 4316
8491 4225
10669 3922
10804 4329
8390 4047
11425 4341
7397 4193
11202 3724
11153 3745
11448 3879
7943 4496
8895 4529
8987 4282
10247 4334
8795 4164
8231 3893
8420 3966
8486 4112
10096 4527
10127 3855
9367 4239
7680 3805
10315 4533
9164 4561
9840 3868
11015 4428
9284 4374
9856 3891
8162 4527
10579 3939
8695 4053
9316 4107
7860 3909
11313 4284
9026 4542
10328 4436
11078 4487
9858 4135
9490 4328
7621 3801
11098 4406
8755 4555
11186 3756
8502 3726
9334 4001
9068 4485
8128 4560
7381 4237
8455 3999
9859 4141
10356 4215
10470 3823
7731 4225
9748 3931
9810 4530
10817 3963
8695 4190
8197 3950
11057 3956
9125 4285
7303 4373
10418 4504
10367 4363
11170 4585
7383 4043
8094 3847
9878 4262
9210 4017
7333 4309
8132 4428
8503 4021
7470 4176
8365 4454
11217 3910
10711 3975
7599 4301
8769 3739
10410 4078
10685 4272
8769 4515
8903 4346
11408 4551
7758 4239
10167 4034
10274 4075
8168 4243
8225 4453
7327 4564
9986 3874
9854 4330
10935 4480
10755 4289
7389 3741
8151 4554
9823 3972
10416 4489
8351 4056
7631 4098
11265 3740
10782 4462
11039 4334
8154 4541
11171 4337
11252 4391
10764 4516
9023 4502
9784 4204
9408 4233
8383 4095
9964 4336
9151 4062
8057 3795
9241 3782
8593 4307
9384 4164
10696 4510
9253 3999
9900 4389
9014 4425
10321 3811
7593 3906
11238 4419
9986 4251
9266 4082
9347 3798
9505 4440
9443 3990
7851 3759
7853 3785
10828 3906
9691 4286
8181 4537
8741 3802
10882 3780
8958 4115
10880 4549
7542 4329
9673 4292
7864 4272
11421 4423
8569 4206
8368 4442
9084 4277
11185 4361
10172 4365
8529 3981
7889 3758
8145 4085
10074 3959
8778 4406
9022 4053
8470 3782
8060 4076
10646 4084
8248 4410
11099 4066
10814 3918
10274 3861
9492 4291
9664 4476
11024 3958
9056 4103
7493 4481
9271 3742
9677 4343
7426 4444
11002 3765
7542 4280
10320 4221
11162 4230
10776 4080
9038 4069
11048 4089
10212 4235
8068 3852
8166 4573
9486 3970
10966 4276
8454 4285
11156 4240
10165 4441
9213 4562
7862 4192
8771 4183
7930 4471
9626 4300
10253 3841
7332 4036
8141 3969
7590 4337
7690 4521
7874 3895
9638 3789
11313 4506
9567 4442
9438 3846
7574 4333
7755 4146
10757 3766
7750 4186
8314 3957
11213 4382
11206 4130
8036 4245
9972 4116
11110 4150
11245 4164
10662 4378
10372 3949
11232 3821
7299 4501
7612 4082
9200 3938
10371 4383
10901 3921
8909 4506
7790 3797
7300 4580
11072 4100
8391 4130
9104 4220
9876 3934
10047 4088
8484 4032
8414 3865
7953 3960
8562 3965
9906 3913
11198 4404
9013 4089
10178 4338
8235 4420
7853 3812
9560 3864
7684 3930
10653 3996
7400 4299
11160 3785
8618 4006
11409 4412
8719 4569
9376 3998
9295 4022
10840 4380
7620 4156
8052 3978
8732 4158
8109 3883
9914 3788
10591 4553
11327 4155
9923 3839
9506 4412
9766 4532
8266 3838
10910 4430
9925 4130
10364 4527
8562 3826
9792 4060
9973 4452
9337 4437
10714 4148
9902 4259
8793 4326
9274 3953
8883 3885
9925 4150
10709 3819
8314 3843
10134 4137
9778 4576
9043 4312
8319 4145
7748 3934
8712 3818
9487 4333
10882 4318
8997 3869
10494 4556
9452 4391
10969 3897
8425 3945
7327 4506
10923 4513
10424 3802
10682 3919
10350 4431
8381 3886
11082 3730
7641 4466
11133 3769
7882 4121
8628 3863
8922 4353
9209 4264
10346 3856
10167 4299
7567 4176
10226 3767
9508 4560
7466 4056
11352 4122
8770 4287
9710 4264
8466 4461
10648 4194
9238 4108
10517 4045
7912 4226
8367 4166
10740 4389
9794 4402
8858 4022
9954 4578
10343 4274
8478 4569
10850 4322
9685 3944
10167 3761
10642 4384
11062 4475
8217 4282
9056 3792
8149 4554
7453 3981
9844 4401
9183 4454
10141 4315
10304 3877
8667 4306
8160 4137
7365 4225
10236 3996
10581 4045
7745 4549
11002 4529
10358 4251
10741 4335
7598 3771
8141 4364
8087 4053
7631 4260
7966 3751
9735 4188
7360 4313
9620 4207
10851 4384
8853 3893
8493 4188
8222 3851
7389 4379
10376 4027
10992 4403
11305 4005
7648 4207
8548 3933
10295 3821
8841 3869
10837 3834
7480 4216
9914 3897
8485 3895
8933 4004
11278 3783
8435 4225
8395 3795
7795 4498
9766 3946
10148 4392
9968 4244
8273 4292
9366 3830
8576 4015
7649 4558
8535 4295
7567 3788
9751 4073
10948 4206
7921 4301
8507 3832
7570 4347
8265 4468
11453 4448
9773 4246
10985 4404
9696 4004
8651 4315
11428 3947
10404 4411
11048 4017
10593 4019
7341 4355
10592 4348
9035 4314
10204 4349
7847 4057
8947 3740
9294 4583
9864 4505
8891 4556
7720 3852
8680 4279
11077 4000
8367 4491
7888 4525
7917 4312
7948 4100
9072 3898
8616 4291
10210 3814
8194 3750
8333 4431
10048 3865
7610 4496
7887 4357
11456 4382
7733 4170
7399 3969
8168 4256
8865 4170
9793 4171
10520 4111
10729 4288
10122 4530
8898 4321
9717 4255
9486 4002
7396 3886
9276 3754
10210 3934
9209 3774
9777 4107
7887 4559
10131 4188
9216 3885
9980 4406
8389 4212
9805 3733
9507 3878
10378 4536
9759 3948
8931 4466
8627 3918
8233 4311
10248 3830
8093 3746
9722 3741
7635 4468
10282 4169
9260 4505
11380 4108
8598 4431
9489 4000
10073 3816
10485 4074
7638 4243
8400 4337
8202 3781
10950 3985
9429 4087
7683 3978
8055 4532
8610 4008
10391 4371
10404 3985
7588 3850
9967 3849
10932 4027
9276 4415
9745 3908
9681 4042
9774 3809
10956 4238
11080 3725
11397 3934
8395 4286
9756 4394
9515 4380
9853 3904
8640 3728
7876 4580
7751 4171
10407 4587
8338 4050
9314 4048
10337 3818
8519 4545
10821 4171
8850 4162
8380 3753
8636 3793
8128 4351
11292 4371
9645 3724
10835 4290
7644 3890
11102 4347
9671 4171
8592 4300
8879 4009
9213 3851
10055 4395
9146 4180
10307 3785
10439 4158
8130 4161
8039 4086
9036 4188
7979 3916
9824 3984
8512 3788
10327 4014
10676 3797
10554 4178
10204 4431
9614 4052
10083 3945
7328 4364
10697 4098
9119 4234
10870 4125
9513 4454
7944 3915
7707 4509
9295 4472
9731 4034
8522 3921
11242 3971
9450 3915
7913 4063
10480 4449
9136 4228
7932 4218
8843 4200
9708 4249
9475 4310
8561 3837
8853 4245
8155 4542
10147 4342
8367 3889
9679 4055
8725 4563
11281 4065
7748 4230
9106 4153
8654 4168
8926 3931
10361 4558
11014 4110
7842 3869
8294 4523
7914 4466
10269 4440
11164 3854
8567 3977
10358 3833
8094 4112
10531 4018
9023 4215
7839 4104
7500 3919
8273 4019
10756 3747
10802 4418
10169 4514
9240 4352
8073 4491
8121 4059
9111 4233
10722 4215
11154 3846
8119 4367
9055 4539
10433 4048
8681 4490
8956 4511
9009 3956
11292 4541
10348 3892
7645 4408
9322 4347
9275 4237
9843 4229
9563 3789
7707 3889
10957 3745
11417 4153
8297 4477
9122 4331
10034 4026
9531 4523
8940 3941
10558 4316
7345 4482
9309 3865
10373 4081
9542 4532
9327 4360
11318 3986
9455 4382
11051 4003
9781 3833
8107 3880
10951 4000
11132 4558
10529 3983
9861 4428
8640 4463
9262 3818
8478 4544
10941 4022
7931 3853
7870 4035
9593 3761
9618 4479
8610 4025
8331 4214
9238 4048
11325 4587
8119 3812
9737 3729
8485 4024
9579 3905
9260 4587
11155 4442
7721 3910
11416 4148
9289 4061
10890 4253
10985 4376
8519 3731
9259 3799
8408 4037
11017 4577
10310 4402
8694 4322
8741 3857
10738 4092
10348 4319
8780 4471
11038 3830
9215 4312
7452 4206
8295 4350
8239 4377
10391 4259
9507 4403
10830 4104
7757 3876
8566 4461
8546 4288
10341 4215
11218 4161
10252 4225
11199 4226
7813 3984
9483 4494
11260 4264
10044 4048
8805 4200
10903 3762
11307 4151
7897 4318
9155 3775
10814 4324
10223 3835
11362 4068
10788 4465
7851 4067
10052 4501
9709 4252
8786 3813
8214 3810
7880 3907
8788 3962
7532 3822
10487 4132
10982 3881
8531 4094
9754 4235
8081 3972
8503 4375
9708 4514
10265 4495
10173 4020
8120 3788
8628 4206
11090 4411
10596 3838
9421 4470
9424 4126
7360 4390
9262 4137
10962 3885
7542 4249
9262 3896
9582 4291
7429 4292
9647 4503
8089 4053
9366 3875
9701 4213
11133 4507
8599 3938
9179 4123
11156 4548
7947 4109
7562 4408
7397 4084
10817 4301
9415 4422
9111 4010
10531 4318
8435 3930
10598 4565
11025 3899
10960 4218
10885 3919
9288 3983
10980 4280
9021 4346
10503 3983
10222 4497
10252 3750
8663 3741
9696 4054
9567 4501
8427 4244
7782 3745
8671 4004
7656 4268
9511 4333
10515 4012
9162 4541
10027 4523
9592 3770
7360 4173
8217 4386
10868 4459
10678 4035
7871 4242
10161 4342
9955 4434
8593 4228
10775 4501
8435 3842
8441 3727
7382 4050
10531 4250
7367 4122
9703 3844
9487 4161
10889 4551
11127 4425
9485 3894
7949 4539
10099 4327
10486 3744
10063 4397
9067 3803
10960 4038
9445 4526
8821 4114
7670 4069
9889 4212
8370 4188
8416 4330
10290 4040
8156 4057
10192 4442
10847 4542
9661 3923
8473 4363
8205 3814
8516 4582
10046 4283
10640 4307
11351 4453
10579 4003
7875 3744
9640 3752
8013 4272
9574 4275
10928 4508
10271 4291
10196 4115
8239 4474
8036 4030
11319 3976
8006 4080
7653 4401
10882 4578
7553 4064
9407 4356
9379 4437
11341 4284
7981 4213
9965 4000
9145 4539
7787 3902
8917 3734
10936 4369
9739 4125
11293 3959
9111 4291
11259 4538
9118 4033
9587 4273
9449 3872
11025 4026
10000 3735
9729 4261
10715 4117
9373 4000
8157 4271
8537 3865
11278 4260
9423 3837
8537 4395
8008 4286
8285 3834
11013 4561
7957 3844
10611 4243
8936 4303
9604 3862
9839 4219
8003 4246
10315 4546
10850 4408
8753 4017
8917 3773
11288 4299
9052 4008
9949 3727
