2778 2550
2978 3450
2950 2271
4723 2394
2141 2033
3085 3500
4971 3435
4275 2129
4479 1628
2444 3677
4243 2258
4277 3307
2921 3460
4994 2601
2483 3090
2562 1564
1526 2262
4731 2807
4728 1385
2453 1586
1979 3004
3938 2321
4426 2817
2098 2207
4907 1575
1951 3664
2693 1890
4429 2972
3587 1975
1600 3202
3893 1702
3044 2459
2881 3114
2218 2813
1646 2196
3990 2135
2772 2129
3244 2929
2626 2503
2100 1916
4928 1807
3076 2678
1410 3549
2878 3358
2650 2768
3281 2082
2233 1699
2636 3654
3251 1708
2251 2157
2493 3541
3482 3701
4519 1469
2075 3013
2734 2159
3928 3317
3177 3280
3654 1912
2015 3231
4119 3181
4484 2187
2978 3239
2466 3633
4006 1570
1918 2753
1981 2784
2584 3652
4770 3278
1827 3181
3815 2903
2415 2956
4857 2895
3808 2517
2557 2707
3700 3705
2860 2972
2097 1770
2283 3590
3833 3264
1547 1769
3972 1678
3419 3524
3040 1606
1505 1530
2441 1649
3004 2937
4022 3163
3137 1917
2642 1880
4880 1620
4659 1662
4767 1632
3852 3427
4943 1652
4391 3076
1453 3072
3803 2247
2097 2232
2026 2122
4446 1913
3006 3591
4195 2357
2482 3295
1987 3390
4894 3545
2544 3101
2420 3608
2604 3265
3608 1791
1824 2056
4553 2726
1581 2014
4580 2205
3711 2927
2641 3621
4859 1827
4559 3496
4467 2513
2286 2567
1972 3528
1758 2950
4039 3621
4045 3704
2297 1841
1750 3029
4102 1459
2344 3016
4581 2910
3708 3617
2334 3457
2176 2269
5068 2727
4798 1936
1641 1908
1711 1837
3170 1623
4396 3003
4705 3387
2495 1455
4212 2150
3706 2314
3571 2081
3140 2238
3531 1743
2808 3474
4648 2576
2393 3199
1589 1815
3277 3139
3468 3405
5046 2349
1736 3462
2601 3291
3831 3424
2882 2526
4992 1623
3257 1408
2336 1597
4775 2875
2433 3699
4636 1759
2207 1867
1511 3087
4236 3682
4436 2926
1621 2330
3771 2224
4623 2516
4027 1509
2218 2967
3194 3051
4006 2717
1813 1629
2703 3448
1456 2043
2608 3561
4588 2142
3253 1927
5012 3103
2660 3185
3917 2292
4756 1738
4872 2063
1485 3179
3023 1430
3602 2083
4876 3302
3502 2125
3129 2841
4977 2298
3136 3058
2899 3025
4021 2990
2983 2739
1751 2002
4296 2651
1494 3532
2722 2889
4186 3632
4998 1609
3447 1520
4972 3377
3478 2098
4634 2432
4294 3420
3131 1402
3005 3526
1649 3603
4129 3691
3931 3457
3536 1787
2249 2024
3228 2679
4537 3625
3131 2444
4980 3247
2424 3201
4047 1559
4212 2438
1483 2884
2934 2173
4101 1983
1983 2647
3391 1878
1523 3041
2148 2827
1586 3511
4908 3641
5029 2082
1798 2627
2437 3712
4460 3241
4350 3418
4444 2618
1451 3334
2935 1522
4614 1817
4066 2152
4881 2149
3170 2101
2259 3031
3860 2465
2606 3458
2553 2009
2603 1625
2868 2954
3516 2883
1522 3017
3080 2100
4095 2496
4978 1801
3384 3088
3364 2723
3192 2540
3958 3479
4577 2040
5058 1482
2636 3239
3173 2615
4503 2971
2023 1647
4755 2919
1934 1651
5042 3499
2614 1859
3014 2260
3710 2925
3619 1380
3539 2097
2149 3358
3799 3469
4222 3515
3561 3168
4794 3209
4673 3636
3403 3418
3210 3015
3128 1383
2102 2184
2416 3351
2504 3408
4187 3257
3367 3546
3957 2276
3768 3489
1837 1537
4496 2760
4216 3143
3813 1965
2570 3368
4807 2712
3857 2214
4839 1807
3979 3226
2234 1491
2730 2465
2125 3157
4263 3458
2389 1899
3901 3415
1397 3384
2269 2038
3239 2565
2818 2780
3173 3082
2875 2624
3161 3677
3040 2943
2953 2968
3119 1790
3387 3226
1629 2973
4669 3431
3483 3427
2614 1571
3096 2562
1769 2533
2637 2270
2428 3627
3422 2740
3040 1769
3301 2464
2824 2419
3368 2454
4692 2946
4342 2568
3109 3417
3649 1938
3367 2397
3565 2027
2623 3552
2062 2394
3211 1583
3710 3430
1729 1446
1406 1936
3634 3118
1498 2755
3139 1543
3888 3031
4671 3339
4577 3348
4015 2482
3355 2650
3833 3489
2597 2072
2347 2355
4820 2058
4910 3209
1463 1818
4060 3093
2823 2258
4205 3453
4072 3414
4302 3464
2097 1579
2624 2221
4757 2309
4206 3251
3795 1725
4711 2320
4193 2845
4753 2512
2564 1809
1640 3060
4040 3673
3015 3113
1625 2429
3458 2369
3212 3272
4123 1534
2561 3662
1875 2861
3810 1525
1941 3285
4749 2291
4836 2107
4750 2099
4024 3509
2782 1591
4653 2837
2381 2605
2249 3675
4561 3560
3785 2273
5008 3656
3576 1913
2483 2258
2938 2843
3406 2489
2865 2023
2597 1497
2566 2615
2638 2300
3263 2154
3552 2669
3084 2685
4659 3140
1493 3334
1794 1564
2648 2110
2678 3041
4843 3317
3527 2904
1819 3556
4073 2756
3144 1712
4719 2123
2473 2686
2033 1884
3555 3419
4891 1712
4139 2764
2685 1385
5033 2905
4214 2232
2093 1921
4608 3649
2774 2834
3400 2982
3369 2225
1833 1720
1714 3538
1715 3407
3624 1949
4029 3474
3022 3360
4683 2141
4165 3287
4961 1905
3939 3580
2736 3131
2212 3054
2293 3108
4916 3203
3817 3432
2191 2931
2924 2314
3600 2214
3177 3108
4570 3694
2000 1516
3027 3483
3067 3457
4063 1883
2295 3714
4921 3583
3932 2700
4823 3228
2101 1566
2071 1528
2029 1521
3793 1547
5069 3269
1687 2139
4572 2927
4132 1473
3371 2765
2046 1733
2689 2934
2706 1607
4293 3048
3338 2497
4660 3631
3814 2498
1469 2985
4944 2545
2044 2285
2337 2248
2515 3225
1662 3380
4666 3469
4949 2530
3549 2544
3008 3291
4982 2990
4382 2477
2331 3465
3050 2494
1975 2234
1838 3141
1450 2668
4596 3249
4542 1796
3033 1715
3914 2001
1951 1813
3298 2709
1753 2667
3912 1789
2759 2670
3802 2480
5035 2536
2942 1908
3919 2258
3105 3666
2318 2568
4710 2630
3392 3376
2971 3194
4115 2162
2013 3049
4265 3598
1524 2930
4574 2133
1535 2564
4787 2135
3107 1710
4134 3043
2587 3037
1874 3118
3405 1533
4175 1477
3798 2979
2855 1650
3621 2570
3156 1811
4912 2852
2528 1597
3103 3369
1491 2897
4323 2725
4191 2379
4678 3201
4911 1635
2993 1665
2656 2866
4824 3611
4286 3700
2070 2512
2321 3157
2564 1924
5035 1446
2039 2066
4304 3068
4390 1712
3852 2040
4781 2389
2345 2614
3065 3036
1799 3089
3395 2241
1837 1701
4087 2878
2894 3412
4259 2478
4461 1416
4841 3001
2165 2246
2740 3140
4360 2061
2059 3074
4377 3670
4469 3521
4213 3499
4821 3700
2381 2993
2089 2907
2063 2019
4141 2127
4246 1593
1695 1763
2405 2398
2358 3089
1638 1807
3309 2364
3373 3703
1438 2382
2669 2307
2082 1811
2157 2956
2227 1748
3544 2290
3705 2239
4310 2838
4594 1678
3358 1513
3663 2111
4522 2391
3761 1964
3537 3467
2937 2318
4949 2958
1511 2603
2891 2180
3919 3000
1930 1782
2231 1383
4865 2172
4246 3197
2500 2319
3874 2160
3125 2835
1836 1548
4099 3593
4694 2400
1866 2289
1626 1543
3399 1410
5032 3222
2771 2888
2670 2305
2631 2761
2836 2164
3639 1824
1719 2578
3743 2787
3935 2520
2289 2827
4084 3137
1950 2251
2322 2774
4589 2363
3045 3310
2858 2693
3443 1856
2139 1757
4271 2659
4250 3548
1707 2579
1494 3123
3230 3626
3752 2304
4886 2083
3810 3032
3520 3047
4393 2991
4665 3115
3512 2262
4887 1443
4170 3578
2285 3435
3927 3468
2387 3418
1858 1486
4299 2210
4308 3286
4069 1768
1838 2321
2553 2146
2359 2155
2960 2659
3163 2351
2607 2707
3067 2902
4636 2113
4853 2457
4498 2682
3643 3366
2339 2105
4332 2284
3844 2186
3238 1384
2244 2236
2835 2975
3782 2380
4644 1777
1585 1558
4374 1467
4876 1510
2145 2169
3199 2746
2583 2342
2395 1498
2787 2857
1887 3240
2760 3116
3898 3565
2038 3676
4767 3133
2408 2982
2535 3198
1582 3525
3668 2453
1792 3439
4879 2255
3144 3522
3688 2612
3297 3490
4910 2757
1772 3103
1888 2572
1968 3369
2516 2237
2308 2476
5060 3277
4937 3309
3165 2491
1810 1755
3959 1871
3113 3363
2985 2026
3305 3022
1929 2003
3298 3424
2063 2528
4919 1883
2803 2022
2421 3406
1922 2903
4852 1520
1710 3705
1487 2912
3723 2018
3826 1747
4734 3149
4665 2049
3102 3356
2958 3596
3625 2009
4568 2990
1467 3483
4155 2140
1990 2469
4223 2386
3457 2605
4119 1813
2142 3005
2128 2906
3020 2712
3145 1421
2467 2660
4958 1463
2997 2412
3921 2458
2654 1509
4999 3631
2965 2297
2693 1554
3581 2788
4824 2676
3842 3349
2657 2341
2484 1744
4406 1677
2160 1997
4930 3303
4010 2662
1966 2563
1697 3080
1624 3162
2750 3522
1863 3019
3993 1391
1382 2015
4300 2874
2749 3470
1619 3706
4568 3153
3112 2317
4772 3253
4674 3300
4131 2798
4999 2970
2876 1866
1949 1936
1718 1382
3888 1410
2291 2123
2023 2828
1961 1759
4618 3127
1860 3246
2571 2632
4500 3137
2747 2543
3060 3120
1927 3241
1739 1898
2693 3106
5055 2803
4610 1517
2006 3149
1381 3457
3206 2164
1508 1799
4178 3208
1721 2239
3675 1822
4111 1938
2303 1683
1783 3058
3302 3167
3313 1846
2843 2465
4226 2584
4945 1971
3394 2812
4959 1891
2574 1987
2646 1664
3935 2345
2996 1422
3281 2097
1663 3314
4510 3288
1535 1588
3461 3118
4711 2940
4681 2415
3858 2236
4819 3247
1932 2281
3524 3333
2186 3262
3052 2668
1742 2352
2326 2417
2077 3220
2497 3424
2400 2602
2393 2826
2794 1841
3779 3088
3976 3039
1382 1781
4570 2348
2090 2030
4388 2574
4171 3184
2574 1807
2431 2251
4682 3150
1607 2764
2135 3446
3401 3664
2315 3387
1805 3379
3757 1917
4488 2544
3012 2957
2236 2672
3923 2931
3861 1618
1945 3561
3125 3109
1813 1837
3065 2151
1662 3474
4508 3230
2482 2051
3669 1957
2384 2031
2180 2369
5010 2078
4390 1819
2398 3417
2993 2545
2833 1984
1602 3048
4900 3572
4414 3387
1725 3222
2815 3454
3443 2679
4390 1518
2982 2179
3034 1787
1755 2823
4905 1794
2812 2296
4564 3388
4470 2686
3134 2972
4097 1663
4909 3478
2894 2321
2348 2340
3247 3158
2186 3298
2140 2884
2433 2483
2933 2000
3836 2404
2979 2042
1577 3202
3692 2306
4009 2561
1769 3436
3895 1446
2754 1557
4125 2597
2374 2416
4674 2084
2863 1451
2809 2575
3871 1475
3693 2181
1941 2194
3675 2355
3359 1462
4359 3551
2442 2336
2019 2777
3642 2568
4370 3530
4304 3592
3849 2481
3300 3208
4679 2024
2643 3052
2355 2033
1729 1558
3837 2434
1922 2707
3848 2947
4655 3143
3142 2405
2015 2802
2866 3531
1831 3331
2714 2139
3357 3614
4216 2971
4473 1840
4319 2085
4284 2808
1838 2444
2205 2121
3169 2115
5040 2236
3049 2283
2656 2047
1803 1600
4113 2791
4677 2707
1549 1940
3807 2933
4239 2198
2570 2193
1595 3508
4471 2014
2073 3089
4552 1780
2248 1991
3113 2599
2242 1965
4777 3103
2491 1650
1762 2157
3393 1396
3350 1567
2620 1921
2778 1472
3054 2174
2774 1894
2360 2762
4226 2713
4062 3066
2580 2024
3194 2514
2784 3488
3404 2693
1899 2898
1526 1591
3899 2622
1738 3204
4568 1820
3761 2816
2098 2842
3371 2732
2188 2753
4115 1674
2222 3186
3555 1833
3245 3212
2333 2486
1603 3299
2371 2844
2002 3698
2936 2720
3282 3240
2045 1607
3911 2688
1575 3229
2746 3359
5006 2222
2775 1457
4308 1591
5000 2987
4991 3329
1756 2265
1453 1652
4968 3107
2365 1502
2603 3413
3798 1473
2753 3296
2323 3595
1679 2443
4620 3172
2569 3704
2959 1594
5053 3703
3448 2885
2655 3386
2915 2378
1683 2449
1637 2540
4390 3112
3870 2708
4083 2155
2913 3298
3403 2845
2602 3593
3401 3292
2453 1531
1724 3196
3235 3489
4691 2151
3090 1828
2373 3404
1577 2140
4746 3609
4248 1429
1537 1937
1796 2012
4178 3312
2700 2586
3861 2580
3124 3420
1890 2737
1636 3105
2280 3579
3384 2981
3191 3581
1684 2943
2221 3040
2101 1628
2124 3406
2548 2807
2094 1580
2484 2953
2307 1673
3130 2660
4956 3136
4106 3308
1488 2016
4739 3022
2025 2976
4212 2096
4697 1413
4129 3151
2527 2203
3713 2192
4197 3517
4470 1948
2958 2609
1554 1919
2070 3030
3940 3297
1488 2079
2295 2621
3011 2465
4244 2782
1939 2434
3947 3563
2291 2434
4056 2105
4139 2984
2600 2857
4330 2510
1802 2809
2280 3040
4176 3643
4804 3201
1452 2394
1771 2994
4539 1899
3499 1668
4713 2372
3738 1382
2306 3074
2940 3661
3128 2557
2204 1387
2451 2813
4213 2710
4646 3509
2069 3031
2606 3400
4043 2960
1983 2138
3178 1875
4210 2554
2947 3350
4155 3082
1752 1918
2417 2116
2499 2268
4950 2049
4856 1420
1989 1991
2298 2767
2512 1757
3518 2597
1568 1566
4771 2142
1651 1685
1744 3466
1853 3032
2829 2353
3315 2911
3284 2771
3209 1574
4146 2602
3840 2621
2811 2417
1623 1820
2945 1650
1520 2584
1423 1719
4499 1946
3467 2006
2666 2488
3115 3669
3271 3253
4253 1972
3939 2282
2789 3549
4278 3669
4951 1399
3063 2925
3777 3125
3486 1752
3115 1922
3981 1599
1470 2933
1959 3674
4472 1524
2967 3092
5025 2371
3599 1547
1387 2168
3591 2264
3045 2775
2708 2208
2383 1872
1393 1734
2126 3670
3199 1495
1576 2739
1710 2926
4670 2653
4977 2822
2121 2674
4401 3227
1792 3071
4650 2785
3659 2729
4155 1403
4819 3263
3199 1866
1966 3632
4211 1442
1590 1767
3433 3346
3086 3499
1810 2854
1801 1405
1827 1961
2038 2795
4729 3421
2447 3353
1608 1827
1480 3587
1940 3308
3036 2077
4236 2729
3694 2751
2828 2276
2932 2361
2648 3117
2108 1593
3793 2650
3726 3439
4987 3307
3725 3041
1999 2068
3462 2577
4075 2088
4282 1853
4410 1871
5069 2450
3222 2961
4507 2856
2136 3060
2187 3436
2310 1571
3066 3198
4018 2133
2293 3234
3777 2825
2819 1579
2310 1967
2782 2651
2455 2417
2258 2741
4508 2507
3666 3530
4610 1629
1991 2803
1984 2415
4043 2892
3745 1446
3988 3094
4319 2649
4706 2446
1630 2582
3212 3050
3394 3260
4074 3339
3363 1668
2224 2723
2977 1893
4002 3325
4572 3418
1513 2029
1630 1466
1811 3324
2664 3052
2822 2735
3503 3263
4734 3180
4191 3357
4156 2432
2907 2284
4472 1507
3084 2076
4354 1611
2574 2622
1560 2862
1847 3491
4969 1874
1425 2438
1636 2946
3395 1946
3223 2882
1575 2678
3324 2243
3269 2922
1430 3133
2289 1683
4150 1410
4786 3538
4108 1988
4604 3325
2741 1946
4827 3671
4240 2891
3429 2110
2671 2554
1729 1695
3354 1832
3871 2088
4440 3315
2868 1640
4470 3510
2314 3060
4724 2764
2773 2377
4570 3713
1860 2946
2214 2041
2737 3120
1664 1711
2484 1890
4833 3528
3851 2631
4078 1893
1765 3101
1738 1566
4724 3151
1434 3587
2062 2201
3822 1678
2108 3505
4669 1406
2370 2041
2294 2065
2626 2742
3427 3382
3660 2954
4160 2046
4482 1680
1973 2220
2444 1693
4546 2658
4732 1386
4660 2688
2624 3705
4120 3529
3133 3209
4688 1823
4050 3276
4391 3367
2736 2931
1567 2252
2466 2353
3670 2049
4167 2705
2812 3419
4832 3624
1480 2123
3072 3140
3095 2508
2764 2486
2432 3183
2758 3638
2126 2037
4025 2360
2502 1793
2278 3587
3564 1598
3889 1866
3986 2429
4764 3619
4099 1423
4646 2141
3970 1430
3848 3087
3845 1493
2984 3535
3805 2726
1925 2830
4303 1743
3375 1688
4366 1462
2433 2459
3963 2618
3529 2121
3016 3573
2483 1710
2710 2760
4743 3456
3527 3497
2088 2230
2813 2448
3843 3643
5046 1999
2503 3532
3045 2491
1933 2876
4389 2099
4482 2541
4816 3562
4778 3274
3150 2182
4854 3482
4141 2291
3021 3472
1513 3348
2327 2535
4379 2365
2899 3316
1775 2868
4623 3475
3734 3574
3737 1917
3040 3648
2666 2145
2508 2110
4526 1777
5047 3653
4856 2268
2349 3328
3601 2852
3906 2263
3511 3015
1532 3188
4147 3684
3335 1807
3887 2633
4239 3113
3546 2691
4202 2408
1896 2792
4024 3359
1923 2377
4792 2556
4982 1737
4176 3183
2392 3688
1919 2063
4233 2469
4639 2006
2255 2776
2282 3228
2942 1460
4604 1559
2786 2894
4525 1834
4516 3079
3462 2871
3271 3151
4086 2541
2944 3578
2194 1766
3374 2970
2312 2749
2518 2627
4999 2247
2254 2466
4205 1855
1805 1941
2887 2108
3763 1758
4502 2783
4213 1401
3895 2886
3068 3373
3331 2343
2338 2553
4983 2246
1467 1949
4698 2007
2667 1999
3933 3403
1540 1658
3811 3218
4708 2561
2280 2856
3180 3137
2955 1663
1753 1451
3779 1635
3287 2776
2726 1456
3372 3160
2471 2456
3084 1667
2944 1933
2617 2998
2985 1841
4956 3413
3098 2358
3136 2445
1514 1554
2085 2523
3420 3160
4112 1729
2498 2838
2102 3715
1381 2546
2384 3570
4051 2140
4108 2215
1419 2195
3635 2824
1676 1972
4841 1698
2623 3481
3784 2928
3002 3142
1936 2746
4688 3250
4520 2888
3231 2463
1745 2804
3661 3642
2146 1842
2525 1931
4099 2118
4319 2169
3013 3191
4700 2153
1987 3451
4093 3187
3448 2857
2569 1833
2954 1499
1653 3156
3889 3274
2713 3202
3571 3648
4419 1714
2559 2123
3622 3580
3202 2412
1555 2598
4682 2724
2630 3082
3489 1501
3501 2928
4557 2843
2675 3659
1434 3277
4624 3689
4308 2463
3704 2489
2550 2257
4680 1494
1569 3060
3506 3266
4882 2703
3653 2086
4640 2209
2169 1480
3984 3478
2519 2620
4433 3691
2298 2600
1753 1403
3339 3218
3346 3519
2839 2885
1920 2049
2622 1540
3451 3334
2771 1711
2213 2208
4940 1678
1432 3032
3979 2398
4731 1483
4305 3602
2176 1760
3834 2532
1824 2554
4002 1945
3204 2459
2813 2359
3143 2536
2677 1561
2990 1383
3351 2341
3252 2544
2091 2750
5031 2268
4668 3709
2597 1860
4657 3021
1850 3561
4080 2233
3387 3459
4935 2091
1519 1827
2342 2100
3268 3012
4849 3248
1620 3328
3950 1676
3497 2298
2260 2620
2023 2391
4879 2928
2782 3376
2157 3350
3892 3326
2580 3666
4747 2283
3837 1405
3899 2580
3417 1624
2787 1634
3027 2914
4726 1433
2988 1900
3264 1663
2023 2555
3754 1800
3593 3637
3228 1589
2686 1439
4431 3064
2510 2933
4388 1828
3166 2010
2206 3592
3929 1609
1640 1680
1639 3287
4758 2155
1384 1626
4424 2473
3456 2011
2888 3593
4229 1695
3104 2227
3031 1954
2662 1796
4256 1896
3754 2015
3346 1777
3358 3219
2867 2113
1503 3006
4527 2036
2454 2029
2750 2773
4778 2256
3245 3315
3691 2330
3968 3475
3445 3435
1423 1594
4367 3691
3272 2190
2371 2029
2219 3535
3731 1521
5055 3499
1510 1479
3046 1650
4119 1812
4116 1502
3401 2320
2753 3522
3072 1872
4195 2982
1433 2068
2781 2381
4627 2172
3151 3154
1938 1496
4033 2374
4805 2425
3698 3247
3343 3097
1508 2155
1672 3412
4708 2039
2855 3341
3651 2789
4247 1594
3610 1388
1642 3584
3745 2271
4025 1587
3151 2825
2171 1430
3886 2041
1412 2269
2863 3196
1863 2670
2907 1664
2927 2506
2689 3206
2985 2504
2895 2184
2628 3120
2629 3590
1652 3233
2587 2115
4976 2966
3825 3163
4402 1761
3677 3051
4397 2744
2777 3018
4678 3466
4727 2597
5061 3200
4344 2774
4899 2642
3577 2700
2139 3020
3234 1950
3022 1445
2373 1774
4787 3085
3446 3372
4974 3645
2903 2650
1715 2125
3945 1699
3953 3640
1650 3393
2875 2975
2334 1725
2518 2427
4262 3256
2414 2623
1671 2569
3980 1603
2226 3058
2885 3588
4699 2705
4478 1452
3048 3674
4636 3202
3168 1702
2204 3670
4260 1973
2125 2921
4078 1898
3718 3695
3900 3205
2292 3539
4847 1519
2781 2540
3186 3140
4188 1997
3208 1896
2427 2510
1441 1554
3028 2346
1999 1637
3947 3509
1622 2228
2546 1826
2029 2110
4721 3201
3567 2808
3910 2757
3091 2942
3719 2133
2985 2588
2417 3190
4088 3696
1955 1655
4861 2842
1916 1898
4425 1518
4007 2225
3608 2603
2552 2066
4024 3351
3987 2340
2013 3268
2312 3123
4030 2091
4098 2595
2796 1435
5061 2804
3741 2262
2133 1794
3586 2304
3990 2259
4795 3161
4428 2779
4755 2102
4926 3146
2170 3654
1461 2351
2741 2680
3188 2244
1764 1909
4211 1650
2268 2978
3148 2178
1854 1803
3670 3520
4206 2763
3372 1526
4189 3541
1790 3199
4576 2984
4530 3105
2667 3014
3822 3259
2395 3457
1735 1496
1969 1908
3263 1538
4725 2476
4225 3487
2098 1520
3506 2213
2996 2085
2755 2577
4013 3060
4235 3236
3319 1479
1763 3000
4980 2347
2181 2909
3134 2713
1958 1943
5043 2864
4499 1602
4851 2142
3128 2604
2562 2473
4401 1955
3195 1511
4535 3276
2104 2783
4628 3305
2558 2920
4602 1785
3512 1945
3044 2855
1957 3268
2013 1825
4606 1948
1807 2952
1853 2847
2808 3173
4500 3704
3420 3228
2151 3026
2869 3476
1683 3146
2084 2968
3654 3704
2212 2503
2435 2596
4738 1580
2801 3033
1960 2068
1487 2990
1699 2588
4858 3385
4296 1661
1632 2433
2807 3151
4287 2468
2804 1762
2459 3491
1560 3238
1736 2458
1863 1885
3100 3572
3008 2459
4104 1884
3923 3690
1966 3201
4609 3452
1547 3710
1984 1871
1867 1758
3010 1604
3016 1624
3918 1589
3627 2889
4859 3454
2703 2875
4024 3389
2925 1983
2632 1953
4757 3346
3650 2917
3391 1632
2967 2874
3442 3647
1642 1458
3008 1482
3232 1792
1672 1497
3355 2082
3629 2955
4808 2746
1764 2376
4949 2182
3157 3495
3933 2823
1803 1878
1836 3685
2112 3634
4320 2074
1534 2123
1944 2364
3516 1742
4997 2838
4526 2912
2898 3205
2041 2407
3553 3497
3895 3106
3454 2107
4000 2898
2829 3125
3016 2959
4198 2567
3740 3673
4141 1695
2903 3505
2642 2683
3566 1994
3406 2286
4804 3413
4749 1453
3543 3251
2007 2847
2822 1953
2179 2641
1617 1567
2859 2137
4058 3559
4173 2589
4852 2993
2568 1994
4226 2097
2060 3163
1867 3376
2084 2292
2499 2914
2538 3322
2651 2571
1692 2185
1507 2930
2293 1438
5069 2857
4291 1698
1978 2958
2749 2460
3900 2540
1837 2445
4975 2710
1876 2359
3332 3402
3617 2846
2783 2279
1755 2353
3220 1549
3152 2763
2804 2206
2292 3291
4517 3372
4272 1868
3450 2934
1687 3412
3161 3390
3767 3045
3097 2893
2590 1526
3852 2186
3155 3456
3278 2321
2510 1388
4163 3457
1548 1425
1431 2054
2934 3134
1762 3524
3852 2140
1443 2760
2965 2931
4413 2960
1950 3504
3940 2368
2789 3462
2408 1937
4593 2297
1833 3270
4139 2153
1679 3553
3311 1934
1668 2839
4427 2065
3318 2133
2617 2018
3938 2876
1559 1705
1551 3249
4252 3420
4983 1990
2322 2728
4634 3064
1558 1673
4927 3196
3414 2521
2923 2210
2964 2798
2613 2903
4732 2230
3836 3476
2576 2206
3419 3696
3143 3405
3819 2228
3139 2755
4891 2929
4091 3291
4901 2075
2262 3054
3335 1551
3284 1432
2894 3256
2617 3363
2713 3698
1649 2997
5055 1558
2132 3591
3147 1456
3012 1950
4596 2916
4245 3542
1407 3533
4341 2062
2277 2612
3795 2950
3019 2065
4909 2102
4550 1584
2203 2267
1718 2977
3710 2282
1565 2570
2691 3176
1881 2854
2077 3045
4729 1788
3155 3612
3906 3399
1804 2990
5032 2760
3294 2088
3416 1571
4312 3853
2101 4152
1595 3721
4226 3761
2436 4272
4452 4135
3757 3768
4761 3987
4073 4052
5291 3824
2232 4110
1821 3808
2022 4253
4557 4469
3162 4463
4831 4521
4129 4450
2238 4191
1984 3889
3677 3771
2869 4405
4316 4259
2088 4541
2487 4447
3799 4045
1559 3815
4765 4071
2253 4320
3481 4123
1565 3977
4189 3804
3738 3933
1821 4183
4720 4023
2016 4192
2158 4140
3837 3979
1752 4484
1800 4160
3184 4117
4756 4446
5516 3979
5243 3929
2558 4464
4487 4040
1981 4529
4276 4078
3895 4289
2186 4301
3581 4220
5091 3808
3236 4476
5318 3736
3379 4553
2368 3918
3224 4045
1562 4388
3834 4431
2682 4024
4804 4141
5141 4169
4370 4463
2314 4387
4133 3965
1810 4026
3164 4124
1566 4361
1539 4155
4831 3871
2237 3936
2825 4483
2748 3990
5176 4485
4947 3784
2989 4343
2764 4051
2927 4296
3812 4393
3493 4420
1504 4195
4956 3783
2987 4256
5223 4384
3663 4548
5051 4124
5295 3993
2992 3742
2166 3757
1689 4022
4066 4008
2309 4037
4515 4516
2089 3874
5106 3960
1476 4201
4162 3779
1654 4201
2944 3722
5329 4561
4234 4147
4334 4093
2271 3852
1600 4220
3397 4344
4402 4124
3416 4203
2192 3861
2289 3792
5393 4182
5445 4568
5414 3898
2189 4462
4543 4300
1727 4370
4398 3858
3623 4125
1947 4546
3698 4323
4499 4026
2127 4423
2363 3967
2698 4326
5331 4346
4632 3739
1534 3762
5045 3881
4539 4337
5132 4261
1752 4215
2023 3730
4247 4429
4176 3766
2745 4447
3269 3788
2665 4217
2900 3868
2263 4498
3691 4571
4613 4387
4873 4564
4393 4446
3759 4424
2141 4355
5454 3736
1414 4448
3178 3997
4198 3903
3489 4020
2020 4467
2903 4560
2986 3946
4504 4258
1737 4094
3917 4496
2764 4550
3009 4223
2772 4516
4859 4055
4619 4470
4036 4420
4791 3761
4043 4112
3347 3732
3745 4068
3478 4053
4411 4534
3696 4241
5228 4089
2404 4161
1720 4012
3346 4226
1948 4572
3151 4098
5183 4189
1396 3984
2692 4311
2106 4216
2205 4017
1758 3798
4309 3910
2678 4470
2434 4416
2927 4482
3243 4311
4768 4199
2757 4319
4192 4223
3399 4487
5159 3791
4353 3855
4363 4585
2648 4035
1818 4062
2562 4051
2561 3945
5494 3763
5271 4113
2814 3899
3151 4190
5049 4180
5342 4045
5063 4163
5538 4064
4373 4039
3353 4108
4555 4256
2397 4412
5189 3820
1555 4410
2219 3732
5202 4268
3067 3887
5492 4446
3221 4365
5036 3794
2959 4297
5040 4295
4572 4580
2711 4515
5518 4273
5131 4341
1973 3815
2134 3949
3055 4562
1467 4462
5040 3764
2887 4177
3784 3830
4218 4341
4048 4154
3675 3919
2666 3887
4928 3850
1774 4286
2005 4421
1590 4316
1402 4215
2125 4486
4618 4472
3166 3802
5182 4031
4373 3794
2814 3879
2172 4002
1701 4324
5418 3977
3295 4463
5422 4161
3809 4068
5033 4132
1420 3980
4384 3890
4572 3994
1529 3974
1887 3939
4527 4544
4072 4181
2103 4508
4935 3898
4047 3755
5074 4518
5338 4388
2640 3918
2940 3736
2647 4373
4843 4228
2015 4244
1396 4586
2276 4270
4781 4347
1458 4205
1487 4293
3798 4013
2520 4459
3063 3744
4908 4166
4428 4405
4210 4530
4050 3951
1833 3974
3816 4230
3265 4033
4778 3778
4998 4527
3154 3959
4027 3980
1803 3863
2438 4358
2456 4506
2603 3722
2652 4554
1954 3824
4682 3730
2600 4375
4363 4185
4249 4433
2143 4087
5413 4112
3261 4374
3952 3991
2360 4115
4835 3971
4397 4245
3742 3785
4241 3919
5103 3745
4278 3954
4700 3789
3224 3736
2505 3936
3995 3811
3474 3761
2037 3851
5467 3917
4301 4078
4464 4525
1401 4260
4210 4238
5138 4278
4241 3835
2807 3814
4617 4235
4546 4474
4940 4068
2426 3909
4374 4226
2418 4543
3696 3911
4273 4496
4085 4515
5290 3978
3361 4225
3669 3904
1658 4440
5424 4075
3768 4259
4959 3777
1393 3819
4045 4295
3964 4549
1915 3797
1445 4528
4300 3895
5048 4182
2806 4156
3453 4118
4770 4023
1554 3755
2727 3847
1512 3958
2930 4568
2042 4305
4205 4062
3855 3803
2981 4518
4432 4181
3090 4556
5037 4397
4549 4138
4450 3955
1924 4213
5339 4131
3164 3757
4294 4107
3069 3772
3884 4370
4246 4448
1663 3826
3820 4304
1826 3826
3171 4138
1876 4441
2222 3830
5143 4584
5064 4446
5393 3957
4851 4454
4944 4121
2507 4376
2345 4572
5403 4218
5330 3845
2677 3974
4315 4183
4697 4434
2181 4454
2339 4122
4426 3998
2694 3763
4564 4527
1719 3815
2431 4396
4086 4223
5216 3802
1999 4069
3964 4335
4237 4494
4494 4385
5296 4349
4364 4245
4186 4540
3792 3894
2280 4162
5016 3870
3314 4149
1649 4071
5377 4378
2827 3884
2739 3865
3279 4380
2440 4258
1474 4485
1451 3873
5194 4305
3261 4276
2299 4050
5006 4353
4553 4562
1703 4249
2947 4334
4920 4223
4956 3883
4508 4214
4750 4532
1423 3772
4048 4154
5006 4156
5466 4424
5000 4485
5538 4382
1496 3985
2377 4484
3319 4450
4461 4241
1984 3925
3519 3862
3116 4008
2120 4371
4626 4304
4988 4196
2383 4321
4407 4361
4524 3740
4499 3805
1504 4171
2707 4033
2914 3891
4393 3903
1978 4285
5193 3852
2835 4305
2875 4189
5515 4112
3462 4184
5013 4554
2707 4553
3087 4204
3654 3746
4811 4344
2252 4273
4618 4571
3427 4252
3154 3942
4413 3889
1739 4573
4164 4318
2535 4218
3773 4444
2714 4226
3604 4354
3001 4044
4574 4044
5441 4061
3629 4508
5295 4339
3968 3852
3201 4041
4849 3931
2944 4256
1688 4532
2181 4170
1398 4250
2958 4237
3076 4013
4980 3740
2660 3790
4099 3954
3815 4168
1465 3815
2048 3774
4284 3957
2734 3821
4700 4479
4194 3979
4577 3869
3284 4043
3461 4485
3806 4513
4198 4541
3516 3944
3936 4335
2931 4054
2948 3851
1868 3930
3878 3813
4267 4188
2720 4153
3300 4447
3798 3787
3821 4314
4739 4230
4637 3910
3137 4417
4988 4545
5293 4146
3191 4164
3028 4540
3545 4484
3657 4439
1619 3914
5377 4553
2694 3968
1691 4029
5509 4360
4137 3865
4998 4035
5196 4095
2448 3968
1560 4219
4901 4062
3844 4580
3254 3772
2286 4128
4509 4131
3381 4036
2623 3776
1527 4484
3734 4295
2664 4213
5457 4547
1860 4389
2200 4518
2055 4241
3896 3848
4638 3738
3538 3962
3450 4321
3429 4537
4061 3767
2509 3985
4418 4333
4108 3928
2506 3740
1698 4330
2093 3986
3066 4184
5147 3862
4717 4433
1993 4111
4807 3837
2600 4475
2520 4460
1466 4178
3639 3720
2291 3945
2818 4347
1542 4549
3066 4266
2014 3989
1723 4312
2877 4521
1864 3748
4740 4475
4363 4028
5158 4032
2014 3825
3817 4442
3442 3842
3055 4203
3103 4028
1697 3881
4977 4242
4666 4472
3962 4231
5230 4022
2316 4300
2427 4504
3679 3920
1877 3774
1582 3903
1638 3843
1590 4570
3288 4241
4588 3943
3206 3873
2167 3794
2739 4121
3537 4061
4441 4216
4682 4418
4739 4342
3423 3981
3293 3908
4954 3962
5047 4208
2136 4294
3958 4200
4192 3907
5432 4121
2687 4121
3264 3721
2274 4110
1833 3765
3560 4007
4630 3820
2221 4414
3327 4334
4368 4215
3015 4088
1885 3798
3407 3832
4995 3758
5249 3821
5332 4434
2885 4019
1659 4369
2218 4095
4679 3982
1720 4111
2145 4355
2975 3934
2744 4185
5491 4006
4415 4104
1664 4394
5471 4060
1832 4445
3397 4429
2523 4495
3164 3827
2164 4266
4855 4012
2352 3811
3686 4513
3569 4172
3268 4467
1878 3781
4872 4148
3753 4440
3569 4098
3349 3988
1578 4530
2526 4421
4778 4484
1960 3722
2576 4322
2543 4198
4945 4176
2366 4572
2671 4036
4631 4369
5053 4530
3721 4205
5172 3867
2326 4563
4033 3762
5119 4247
3009 4521
1677 4201
3615 3881
2638 4305
4419 4144
4075 3721
2024 4503
4857 3926
1604 4249
4545 4575
2282 3860
1939 4040
3804 4388
3552 4327
5206 4538
2924 4055
1510 4571
4267 4507
5397 3812
4753 4406
1950 4404
4152 4556
3342 4042
4031 4046
2875 4211
3595 4524
3610 4231
3286 4036
5327 4051
2624 4110
3160 3946
3014 3809
2356 4117
3596 3772
5399 3885
5335 4184
3305 4580
2094 3964
4549 4035
2514 4280
1610 4385
1987 3803
3221 4330
3276 4193
2889 4269
2122 4019
2172 4014
4922 4077
3553 4222
3540 3844
2954 4081
2775 4460
3302 4388
2136 4588
5403 4068
1933 4098
3446 4261
1453 4007
4442 4225
2722 4345
2698 4528
3798 4340
2496 4108
1582 3855
2669 4342
2142 4294
5153 4140
1625 3753
2269 3999
4300 4076
4705 4514
3187 4379
3931 3827
3149 4315
4227 4314
2801 4175
5140 4221
4568 4234
2736 3802
2781 4020
4234 3891
3888 4122
3285 4167
2065 4300
3934 3790
2970 3774
3933 3874
2805 4141
3638 3926
3995 3843
4691 4223
4660 4106
4608 4003
1817 3899
3967 3898
4596 4468
2689 4378
3999 4049
1743 4528
5178 4197
4183 4546
2796 3735
5116 4282
1454 4277
3284 4250
2734 3959
3008 4000
2743 4326
5084 4385
3411 3849
3199 4293
5261 4413
3295 4586
4931 4245
3741 4578
2030 3998
1488 4085
5332 4283
2995 4353
4046 3954
4049 3812
2321 3940
5446 4485
3318 4293
3943 4459
5123 4320
4306 3977
4951 4060
1906 4420
4761 3768
1484 4512
3639 3749
4557 3920
2237 4413
1919 4120
4527 3908
4521 4326
1577 4274
1822 4108
5268 3734
4067 4081
1738 3838
1640 4263
2737 4087
2062 4334
1739 4396
3173 4199
1582 3769
4614 4474
2920 4216
3760 3817
1594 4422
5492 3843
5088 4327
5462 4052
3476 4404
4351 4265
1562 4573
3187 3749
1449 4305
3820 4194
2650 4267
2369 4257
3974 4133
2386 3970
5532 4416
2431 4331
3937 4004
3189 4561
2079 4403
4299 3727
1600 3948
4170 3985
5321 3785
4632 3743
3354 3756
2770 3917
4760 4587
3539 3931
2268 4518
4326 4294
4934 3789
2815 3958
3891 4401
2134 4387
1760 4372
3940 3891
4678 4036
5191 4169
2532 4228
4420 3806
4846 4431
2444 3864
5147 3929
2947 4051
2379 3913
4626 3887
3309 4425
3247 4013
2496 4369
3476 3803
2335 3890
4478 4280
4815 4433
4765 4522
4471 4378
4660 3932
2330 4279
5150 3810
2862 3722
4560 4105
4710 4547
2617 3850
3678 3915
4358 4255
3134 4547
3652 4348
3206 4088
3908 4076
1520 4147
3715 4248
4718 4104
5030 4067
1395 4126
4114 4063
1975 4438
4844 4058
1651 3773
2473 4106
4140 3810
2826 4360
2540 4262
3616 3948
4099 4403
2541 4515
4849 3888
2539 3822
4216 3975
2482 3831
3831 4135
2637 4206
4256 4382
2592 4465
1823 4348
1675 3946
1875 4216
4753 4435
2415 3926
2041 4438
1883 4434
2196 4011
5339 3741
1658 4433
3313 3831
3724 3738
3885 4450
1610 4388
4019 4347
4750 4382
2530 4431
5445 4335
4078 4493
4166 3720
4710 3960
2937 3830
3477 3994
3435 3949
2311 4568
2372 4377
2597 3757
4241 4219
4442 4565
5474 4009
5258 4137
5341 4588
5467 3884
2089 4353
5282 4068
3810 3732
1822 4121
4838 4220
5256 3813
2754 4539
4870 3922
4398 4096
2297 3949
2298 4243
4257 4528
1742 4033
3106 3755
3448 4342
3228 4265
4573 4317
5353 3961
4119 3756
2341 3870
2991 4523
4906 4015
2768 3794
1438 4219
5484 4452
2582 3802
2875 3910
5174 3729
1547 4244
3599 4234
3128 3858
4110 3759
4923 3876
3956 3721
1552 4198
4029 4491
5183 3959
2160 3761
4295 4145
5253 3738
2160 4565
2958 3804
4194 3740
1870 4011
1812 4479
2504 4216
4905 3977
4859 4083
1680 4282
5533 4538
2880 4024
5203 4508
4782 3964
4279 4062
3996 4026
2524 4039
4101 3911
