(x1,y1) (x2,y2)
4.080311e+03 4.050060e+03 7.963045e+02 6.841186e+02
4.080311e+03 4.025219e+03 7.963045e+02 8.794669e+02
1.533614e+02 2.785904e+02 5.168569e+02 3.623548e+02
1.533614e+02 2.887442e+02 5.168569e+02 8.081882e+02
1.533614e+02 2.578776e+02 5.168569e+02 5.056194e+02
1.533614e+02 1.366816e+02 5.168569e+02 4.669858e+02
2.463012e+03 2.264946e+03 2.697522e+03 2.590578e+03
2.463012e+03 2.558440e+03 2.697522e+03 2.795513e+03
2.463012e+03 2.449298e+03 2.697522e+03 2.548101e+03
2.463012e+03 2.336797e+03 2.697522e+03 2.710119e+03
2.463012e+03 2.452152e+03 2.697522e+03 2.792967e+03
5.205267e+01 3.512145e+02 2.859945e+03 2.724779e+03
5.205267e+01 1.305159e+02 2.859945e+03 2.793984e+03
1.761567e+03 1.585863e+03 1.300795e+02 2.500728e+02
1.761567e+03 1.805127e+03 1.300795e+02 3.325626e+02
1.761567e+03 1.867379e+03 1.300795e+02 1.458726e+02
2.446592e+03 2.283619e+03 1.081309e+02 4.053679e+02
2.446592e+03 2.251114e+03 1.081309e+02 2.341900e+02
2.446592e+03 2.565467e+03 1.081309e+02 1.479858e+02
2.446592e+03 2.471702e+03 1.081309e+02 2.026084e+02
1.277596e+03 1.084620e+03 1.819011e+03 1.707556e+03
1.277596e+03 1.503574e+03 1.819011e+03 1.705626e+03
1.277596e+03 1.172578e+03 1.819011e+03 1.611992e+03
1.277596e+03 1.423855e+03 1.819011e+03 1.913411e+03
1.277596e+03 1.378872e+03 1.819011e+03 1.706719e+03
2.884639e+03 2.794635e+03 1.292119e+03 1.104336e+03
2.884639e+03 2.643736e+03 1.292119e+03 1.500484e+03
2.884639e+03 3.068236e+03 1.292119e+03 1.114382e+03
2.884639e+03 3.046197e+03 1.292119e+03 1.337998e+03
2.884639e+03 2.736155e+03 1.292119e+03 1.288968e+03
1.102497e+03 1.294090e+03 1.163432e+03 1.135390e+03
1.102497e+03 1.098042e+03 1.163432e+03 8.707949e+02
1.102497e+03 1.082026e+03 1.163432e+03 1.372299e+03
1.102497e+03 9.551705e+02 1.163432e+03 1.327526e+03
1.102497e+03 9.336869e+02 1.163432e+03 1.154464e+03
1.932344e+03 1.904545e+03 2.902668e+03 2.528387e+03
1.932344e+03 1.766870e+03 2.902668e+03 2.899227e+03
1.932344e+03 1.802829e+03 2.902668e+03 2.741605e+03
1.932344e+03 1.994573e+03 2.902668e+03 2.821561e+03
4.130190e+03 4.039828e+03 2.888851e+03 2.829914e+03
4.130190e+03 4.019291e+03 2.888851e+03 2.906243e+03
5.488044e+02 6.272933e+02 2.126547e+03 1.930551e+03
5.488044e+02 5.095337e+02 2.126547e+03 2.269949e+03
5.488044e+02 3.274096e+02 2.126547e+03 2.082435e+03
1.508771e+03 1.387782e+03 7.898637e+02 4.454175e+02
1.508771e+03 1.348760e+03 7.898637e+02 6.795822e+02
1.508771e+03 1.644233e+03 7.898637e+02 5.816194e+02
1.508771e+03 1.489374e+03 7.898637e+02 8.946947e+02
2.872138e+03 2.712207e+03 2.727237e+03 2.585159e+03
2.872138e+03 2.941650e+03 2.727237e+03 2.614071e+03
2.872138e+03 2.808813e+03 2.727237e+03 2.555199e+03
3.155422e+03 3.398129e+03 2.890603e+02 1.842170e+02
3.155422e+03 3.386860e+03 2.890603e+02 4.900504e+02
3.155422e+03 2.835821e+03 2.890603e+02 6.080202e+02
3.155422e+03 3.394465e+03 2.890603e+02 3.156384e+02
3.155422e+03 2.973482e+03 2.890603e+02 4.767182e+02
3.155422e+03 2.890628e+03 2.890603e+02 2.684032e+02
3.155422e+03 3.392187e+03 2.890603e+02 2.484969e+02
1.239064e+03 1.326692e+03 2.774427e+03 2.803322e+03
1.239064e+03 1.291278e+03 2.774427e+03 2.586932e+03
1.239064e+03 1.146928e+03 2.774427e+03 2.836849e+03
8.072268e+02 5.280148e+02 7.665003e+02 4.694484e+02
8.072268e+02 5.937786e+02 7.665003e+02 7.235193e+02
8.072268e+02 7.449173e+02 7.665003e+02 8.899917e+02
8.072268e+02 9.523953e+02 7.665003e+02 8.096060e+02
2.251994e+03 2.102689e+03 1.864378e+03 1.752768e+03
2.251994e+03 2.318522e+03 1.864378e+03 1.909440e+03
2.251994e+03 2.310781e+03 1.864378e+03 1.736211e+03
3.424355e+03 3.268268e+03 1.206215e+03 1.164877e+03
3.424355e+03 3.387309e+03 1.206215e+03 1.361207e+03
3.424355e+03 3.503374e+03 1.206215e+03 1.120535e+03
3.442190e+03 3.618599e+03 2.289173e+03 2.103137e+03
3.442190e+03 3.642857e+03 2.289173e+03 2.288840e+03
3.442190e+03 3.339111e+03 2.289173e+03 1.973730e+03
3.442190e+03 3.503627e+03 2.289173e+03 2.535855e+03
3.442190e+03 3.189697e+03 2.289173e+03 2.217204e+03
3.442190e+03 3.583406e+03 2.289173e+03 2.432905e+03
6.316116e+01 2.873418e+02 1.333924e+03 1.172584e+03
6.316116e+01 1.420110e+02 1.333924e+03 1.141897e+03
6.316116e+01 1.984590e+02 1.333924e+03 1.345109e+03
6.316116e+01 7.365288e+01 1.333924e+03 1.472439e+03
8.538010e+02 9.503003e+02 2.305681e+03 2.287200e+03
8.538010e+02 8.642093e+02 2.305681e+03 2.197404e+03
1.584923e+03 1.622356e+03 1.207046e+03 1.169310e+03
4.318579e+02 5.280148e+02 8.999094e+02 4.694484e+02
4.318579e+02 5.937786e+02 8.999094e+02 7.235193e+02
4.318579e+02 3.992293e+02 8.999094e+02 9.622061e+02
4.318579e+02 3.601749e+02 8.999094e+02 8.541398e+02
2.731473e+03 2.922971e+03 2.051266e+03 2.026852e+03
2.731473e+03 2.625916e+03 2.051266e+03 2.066835e+03
2.731473e+03 2.686739e+03 2.051266e+03 1.927485e+03
4.106084e+03 3.992005e+03 1.571277e+03 1.754891e+03
4.106084e+03 3.932217e+03 1.571277e+03 1.671698e+03
4.106084e+03 4.041179e+03 1.571277e+03 1.526996e+03
4.106084e+03 4.070145e+03 1.571277e+03 1.520859e+03
5.288986e+02 3.250567e+02 1.464677e+03 1.412785e+03
5.288986e+02 6.336023e+02 1.464677e+03 1.436347e+03
5.288986e+02 5.706745e+02 1.464677e+03 1.337322e+03
2.455050e+03 2.238865e+03 1.079537e+03 1.215876e+03
2.455050e+03 2.578976e+03 1.079537e+03 1.264113e+03
2.455050e+03 2.316119e+03 1.079537e+03 9.129670e+02
2.455050e+03 2.540517e+03 1.079537e+03 9.299522e+02
2.455050e+03 2.647389e+03 1.079537e+03 1.069043e+03
4.738612e+02 3.573331e+02 1.751058e+03 1.778470e+03
4.738612e+02 5.210508e+02 1.751058e+03 1.768081e+03
3.398129e+03 3.620369e+03 1.842170e+02 2.589345e+02
3.398129e+03 3.392187e+03 1.842170e+02 2.484969e+02
2.280070e+03 2.081466e+03 2.280038e+03 2.332997e+03
2.280070e+03 2.378087e+03 2.280038e+03 2.338546e+03
2.280070e+03 2.395944e+03 2.280038e+03 2.172510e+03
2.280070e+03 2.349321e+03 2.280038e+03 2.098946e+03
1.331330e+03 1.195429e+03 1.188493e+02 2.084131e+02
1.331330e+03 1.364322e+03 1.188493e+02 2.943836e+02
1.331330e+03 1.459404e+03 1.188493e+02 1.929064e+02
3.602703e+03 3.576947e+03 8.228084e+02 1.006792e+03
3.602703e+03 3.476923e+03 8.228084e+02 6.900358e+02
3.602703e+03 3.753465e+03 8.228084e+02 1.066509e+03
3.602703e+03 3.810608e+03 8.228084e+02 9.027176e+02
3.602703e+03 3.685435e+03 8.228084e+02 7.668537e+02
2.238865e+03 2.316119e+03 1.215876e+03 9.129670e+02
2.238865e+03 2.085303e+03 1.215876e+03 1.337607e+03
2.238865e+03 2.068219e+03 1.215876e+03 1.150742e+03
3.341347e+03 3.186043e+03 1.483940e+03 1.318087e+03
3.341347e+03 3.138552e+03 1.483940e+03 1.611199e+03
3.341347e+03 3.368954e+03 1.483940e+03 1.611360e+03
3.341347e+03 3.366017e+03 1.483940e+03 1.418692e+03
9.541662e+02 8.142406e+02 2.887374e+03 2.852004e+03
9.541662e+02 1.069211e+03 2.887374e+03 2.772215e+03
9.541662e+02 9.335608e+02 2.887374e+03 2.749240e+03
5.280148e+02 3.338170e+02 4.694484e+02 3.346634e+02
5.280148e+02 7.082670e+02 4.694484e+02 3.919155e+02
5.280148e+02 2.785904e+02 4.694484e+02 3.623548e+02
5.280148e+02 5.515887e+02 4.694484e+02 3.101476e+02
5.280148e+02 5.937786e+02 4.694484e+02 7.235193e+02
5.280148e+02 4.703870e+02 4.694484e+02 5.125756e+02
1.084620e+03 9.164680e+02 1.707556e+03 1.560573e+03
1.084620e+03 9.836652e+02 1.707556e+03 1.826665e+03
1.084620e+03 1.172578e+03 1.707556e+03 1.611992e+03
1.084620e+03 7.934779e+02 1.707556e+03 1.775750e+03
1.084620e+03 1.148545e+03 1.707556e+03 1.547122e+03
3.346233e+03 3.178801e+03 2.597479e+03 2.630477e+03
3.346233e+03 3.503627e+03 2.597479e+03 2.535855e+03
3.346233e+03 3.406927e+03 2.597479e+03 2.738357e+03
1.274898e+02 1.127605e+02 2.364863e+03 2.180657e+03
1.274898e+02 1.880706e+02 2.364863e+03 2.372975e+03
2.503540e+03 2.642106e+03 2.134256e+03 1.803581e+03
2.503540e+03 2.378087e+03 2.134256e+03 2.338546e+03
2.503540e+03 2.440128e+03 2.134256e+03 1.939112e+03
2.503540e+03 2.395944e+03 2.134256e+03 2.172510e+03
2.503540e+03 2.625916e+03 2.134256e+03 2.066835e+03
3.386860e+03 3.476923e+03 4.900504e+02 6.900358e+02
3.386860e+03 3.394465e+03 4.900504e+02 3.156384e+02
3.618599e+03 3.642857e+03 2.103137e+03 2.288840e+03
3.618599e+03 3.339111e+03 2.103137e+03 1.973730e+03
3.618599e+03 3.720254e+03 2.103137e+03 1.934510e+03
3.618599e+03 3.579632e+03 2.103137e+03 2.031301e+03
1.411228e+03 1.503574e+03 1.588727e+03 1.705626e+03
1.411228e+03 1.172578e+03 1.588727e+03 1.611992e+03
1.411228e+03 1.502008e+03 1.588727e+03 1.526658e+03
1.411228e+03 1.325869e+03 1.588727e+03 1.482846e+03
1.411228e+03 1.378872e+03 1.588727e+03 1.706719e+03
1.674408e+03 1.592385e+03 2.603890e+03 2.821069e+03
1.674408e+03 1.495744e+03 2.603890e+03 2.575737e+03
1.674408e+03 1.766870e+03 2.603890e+03 2.899227e+03
1.674408e+03 1.802829e+03 2.603890e+03 2.741605e+03
1.674408e+03 1.789310e+03 2.603890e+03 2.565612e+03
2.873418e+02 3.250567e+02 1.172584e+03 1.412785e+03
2.873418e+02 2.670686e+02 1.172584e+03 1.301731e+03
2.873418e+02 3.666059e+02 1.172584e+03 1.024081e+03
2.873418e+02 2.154005e+02 1.172584e+03 1.159909e+03
3.642857e+03 4.031485e+03 2.288840e+03 2.334003e+03
3.642857e+03 3.583406e+03 2.288840e+03 2.432905e+03
3.642857e+03 3.805128e+03 2.288840e+03 2.284502e+03
2.081466e+03 2.264946e+03 2.332997e+03 2.590578e+03
2.081466e+03 1.904545e+03 2.332997e+03 2.528387e+03
2.081466e+03 2.061171e+03 2.332997e+03 2.230916e+03
1.842310e+03 2.097130e+03 4.955007e+02 6.099208e+02
1.842310e+03 1.990862e+03 4.955007e+02 3.387038e+02
1.842310e+03 1.585863e+03 4.955007e+02 2.500728e+02
1.842310e+03 1.644233e+03 4.955007e+02 5.816194e+02
1.842310e+03 1.805127e+03 4.955007e+02 3.325626e+02
1.842310e+03 1.829707e+03 4.955007e+02 6.212934e+02
1.054457e+03 1.195429e+03 7.054786e+01 2.084131e+02
1.054457e+03 9.432171e+02 7.054786e+01 2.136579e+02
1.054457e+03 1.079887e+03 7.054786e+01 2.184324e+02
3.883661e+03 3.576947e+03 1.192334e+03 1.006792e+03
3.883661e+03 3.753465e+03 1.192334e+03 1.066509e+03
3.883661e+03 3.937542e+03 1.192334e+03 1.095009e+03
3.883661e+03 4.000925e+03 1.192334e+03 1.348330e+03
1.344956e+03 1.495744e+03 2.404257e+03 2.575737e+03
1.344956e+03 1.291278e+03 2.404257e+03 2.586932e+03
1.344956e+03 1.406976e+03 2.404257e+03 2.235974e+03
1.344956e+03 1.222139e+03 2.404257e+03 2.410051e+03
2.578976e+03 2.794635e+03 1.264113e+03 1.104336e+03
2.578976e+03 2.496585e+03 1.264113e+03 1.447451e+03
2.578976e+03 2.643736e+03 1.264113e+03 1.500484e+03
2.578976e+03 2.647389e+03 1.264113e+03 1.069043e+03
2.578976e+03 2.736155e+03 1.264113e+03 1.288968e+03
2.881577e+03 2.774065e+03 8.020930e+01 4.430996e+02
2.881577e+03 2.890628e+03 8.020930e+01 2.684032e+02
2.881577e+03 2.770505e+03 8.020930e+01 1.108015e+02
3.723151e+03 3.895880e+03 1.548451e+02 2.992329e+02
3.723151e+03 3.620369e+03 1.548451e+02 2.589345e+02
3.723151e+03 3.689569e+03 1.548451e+02 2.774649e+02
2.125137e+02 3.338170e+02 6.639669e+01 3.346634e+02
2.125137e+02 2.785904e+02 6.639669e+01 3.623548e+02
2.125137e+02 1.881178e+02 6.639669e+01 1.965435e+02
2.125137e+02 2.450342e+02 6.639669e+01 1.630340e+02
2.125137e+02 2.713249e+02 6.639669e+01 7.706848e+01
3.339111e+03 3.476130e+03 1.973730e+03 1.793109e+03
3.339111e+03 3.152762e+03 1.973730e+03 1.879322e+03
3.339111e+03 3.268033e+03 1.973730e+03 2.098032e+03
4.015517e+03 3.895880e+03 8.147380e+01 2.992329e+02
4.015517e+03 4.001669e+03 8.147380e+01 2.635266e+02
4.015517e+03 4.038117e+03 8.147380e+01 1.400009e+02
2.835821e+03 2.965242e+03 6.080202e+02 7.736131e+02
2.835821e+03 2.648211e+03 6.080202e+02 6.570674e+02
2.835821e+03 2.774065e+03 6.080202e+02 4.430996e+02
2.835821e+03 2.973482e+03 6.080202e+02 4.767182e+02
2.835821e+03 2.881705e+03 6.080202e+02 4.760322e+02
4.027129e+03 3.476923e+03 4.829384e+02 6.900358e+02
4.027129e+03 4.001669e+03 4.829384e+02 2.635266e+02
4.027129e+03 3.915115e+03 4.829384e+02 6.461390e+02
4.027129e+03 4.050060e+03 4.829384e+02 6.841186e+02
4.027129e+03 4.055020e+03 4.829384e+02 3.052302e+02
2.097130e+03 1.990862e+03 6.099208e+02 3.387038e+02
2.097130e+03 2.283619e+03 6.099208e+02 4.053679e+02
2.097130e+03 1.807968e+03 6.099208e+02 7.498609e+02
2.097130e+03 2.023890e+03 6.099208e+02 7.494471e+02
2.097130e+03 2.134381e+03 6.099208e+02 3.662797e+02
2.097130e+03 2.217219e+03 6.099208e+02 7.303950e+02
4.216983e+02 3.512145e+02 2.815723e+03 2.724779e+03
4.216983e+02 4.547498e+02 2.815723e+03 2.623738e+03
4.216983e+02 5.281993e+02 2.815723e+03 2.798305e+03
4.025665e+03 3.983105e+03 2.213640e+03 1.927983e+03
4.025665e+03 4.031485e+03 2.213640e+03 2.334003e+03
4.025665e+03 3.927285e+03 2.213640e+03 2.228866e+03
9.249408e+01 1.127605e+02 2.047694e+03 2.180657e+03
9.249408e+01 2.012803e+02 2.047694e+03 1.992365e+03
9.249408e+01 3.274096e+02 2.047694e+03 2.082435e+03
2.039365e+03 1.806340e+03 1.461239e+03 1.454359e+03
2.039365e+03 2.102689e+03 1.461239e+03 1.752768e+03
2.039365e+03 2.085303e+03 1.461239e+03 1.337607e+03
2.039365e+03 1.911977e+03 1.461239e+03 1.640902e+03
1.387782e+03 1.585863e+03 4.454175e+02 2.500728e+02
1.387782e+03 1.348760e+03 4.454175e+02 6.795822e+02
1.387782e+03 1.644233e+03 4.454175e+02 5.816194e+02
1.387782e+03 1.364322e+03 4.454175e+02 2.943836e+02
1.387782e+03 1.266820e+03 4.454175e+02 5.002077e+02
9.164680e+02 1.082026e+03 1.560573e+03 1.372299e+03
9.164680e+02 7.934779e+02 1.560573e+03 1.775750e+03
9.164680e+02 9.551705e+02 1.560573e+03 1.327526e+03
9.164680e+02 7.276456e+02 1.560573e+03 1.411210e+03
1.120914e+02 2.504195e+02 8.781545e+02 8.958347e+02
1.120914e+02 1.363431e+02 8.781545e+02 9.514160e+02
2.316119e+03 2.540517e+03 9.129670e+02 9.299522e+02
2.316119e+03 2.125682e+03 9.129670e+02 8.930874e+02
2.316119e+03 2.417524e+03 9.129670e+02 8.001068e+02
2.316119e+03 2.476949e+03 9.129670e+02 7.690283e+02
2.316119e+03 2.217219e+03 9.129670e+02 7.303950e+02
9.128988e+02 8.142406e+02 2.611156e+03 2.852004e+03
9.128988e+02 6.796253e+02 2.611156e+03 2.587349e+03
9.128988e+02 1.069211e+03 2.611156e+03 2.772215e+03
9.128988e+02 9.335608e+02 2.611156e+03 2.749240e+03
3.476130e+03 3.720254e+03 1.793109e+03 1.934510e+03
3.476130e+03 3.368954e+03 1.793109e+03 1.611360e+03
3.476130e+03 3.540400e+03 1.793109e+03 1.959431e+03
3.476130e+03 3.479911e+03 1.793109e+03 1.708645e+03
1.294090e+03 1.469969e+03 1.135390e+03 9.992050e+02
1.294090e+03 1.257136e+03 1.135390e+03 1.044572e+03
1.294090e+03 1.257562e+03 1.135390e+03 1.245385e+03
5.607401e+02 4.547498e+02 2.385076e+03 2.623738e+03
5.607401e+02 5.095337e+02 2.385076e+03 2.269949e+03
5.607401e+02 6.175539e+02 2.385076e+03 2.475399e+03
5.607401e+02 4.598062e+02 2.385076e+03 2.395668e+03
2.264946e+03 2.483938e+03 2.590578e+03 2.361789e+03
2.264946e+03 2.238184e+03 2.590578e+03 2.873156e+03
2.264946e+03 2.336797e+03 2.590578e+03 2.710119e+03
2.264946e+03 2.357043e+03 2.590578e+03 2.569485e+03
2.965242e+03 2.894664e+03 7.736131e+02 1.056777e+03
2.965242e+03 3.068236e+03 7.736131e+02 1.114382e+03
2.965242e+03 2.955978e+03 7.736131e+02 8.269748e+02
4.057909e+03 4.031485e+03 2.447293e+03 2.334003e+03
4.057909e+03 4.016417e+03 2.447293e+03 2.542315e+03
1.803969e+03 1.904545e+03 2.290012e+03 2.528387e+03
1.803969e+03 1.730548e+03 2.290012e+03 2.084507e+03
1.803969e+03 1.874952e+03 2.290012e+03 2.226933e+03
1.188419e+03 1.093150e+03 5.475625e+02 3.579889e+02
1.188419e+03 1.122135e+03 5.475625e+02 6.805227e+02
1.188419e+03 1.262272e+03 5.475625e+02 6.412336e+02
1.188419e+03 1.266820e+03 5.475625e+02 5.002077e+02
3.178801e+03 3.010029e+03 2.630477e+03 2.561018e+03
1.592385e+03 1.463789e+03 2.821069e+03 2.812739e+03
1.592385e+03 1.640320e+03 2.821069e+03 2.909089e+03
8.510121e+02 9.432171e+02 2.893557e+02 2.136579e+02
8.510121e+02 7.854933e+02 2.893557e+02 3.469716e+02
7.952796e+02 6.776268e+02 1.138513e+03 1.008477e+03
7.952796e+02 9.551705e+02 1.138513e+03 1.327526e+03
7.952796e+02 7.037017e+02 1.138513e+03 1.162515e+03
7.952796e+02 8.693731e+02 1.138513e+03 1.132577e+03
3.186043e+03 3.295813e+03 1.318087e+03 9.768678e+02
3.186043e+03 3.268268e+03 1.318087e+03 1.164877e+03
3.186043e+03 3.068236e+03 1.318087e+03 1.114382e+03
3.186043e+03 3.387309e+03 1.318087e+03 1.361207e+03
3.186043e+03 3.046197e+03 1.318087e+03 1.337998e+03
1.990862e+03 2.116012e+03 3.387038e+02 2.609832e+02
1.990862e+03 2.080880e+03 3.387038e+02 2.416608e+02
1.990862e+03 1.946577e+03 3.387038e+02 1.646576e+02
1.990862e+03 1.805127e+03 3.387038e+02 3.325626e+02
1.990862e+03 2.134381e+03 3.387038e+02 3.662797e+02
1.475633e+03 1.423855e+03 2.100423e+03 1.913411e+03
1.475633e+03 1.406976e+03 2.100423e+03 2.235974e+03
1.475633e+03 1.596739e+03 2.100423e+03 2.115879e+03
1.093150e+03 1.195429e+03 3.579889e+02 2.084131e+02
1.093150e+03 9.432171e+02 3.579889e+02 2.136579e+02
1.093150e+03 1.079887e+03 3.579889e+02 2.184324e+02
3.417413e+03 3.569888e+03 2.894472e+03 2.874775e+03
3.417413e+03 3.406927e+03 2.894472e+03 2.738357e+03
3.417413e+03 3.509440e+03 2.894472e+03 2.821582e+03
2.004636e+02 7.208898e+01 1.764409e+03 1.605526e+03
2.004636e+02 1.996618e+02 1.764409e+03 1.886938e+03
2.004636e+02 2.866667e+02 1.764409e+03 1.792627e+03
2.642106e+03 2.363534e+03 1.803581e+03 1.564060e+03
2.642106e+03 2.643736e+03 1.803581e+03 1.500484e+03
2.642106e+03 2.815596e+03 1.803581e+03 1.700126e+03
2.642106e+03 2.440128e+03 1.803581e+03 1.939112e+03
2.642106e+03 2.533039e+03 1.803581e+03 2.002761e+03
2.642106e+03 2.686739e+03 1.803581e+03 1.927485e+03
2.040292e+03 1.904545e+03 2.745095e+03 2.528387e+03
2.040292e+03 2.175941e+03 2.745095e+03 2.780940e+03
2.040292e+03 1.994573e+03 2.745095e+03 2.821561e+03
6.272933e+02 8.382678e+02 1.930551e+03 2.067108e+03
6.272933e+02 7.934779e+02 1.930551e+03 1.775750e+03
6.272933e+02 5.700869e+02 1.930551e+03 1.877087e+03
3.480058e+03 3.368954e+03 1.594657e+03 1.611360e+03
3.480058e+03 3.479911e+03 1.594657e+03 1.708645e+03
3.480058e+03 3.319391e+03 1.594657e+03 1.653963e+03
2.794635e+03 2.894664e+03 1.104336e+03 1.056777e+03
2.794635e+03 2.647389e+03 1.104336e+03 1.069043e+03
2.794635e+03 2.736155e+03 1.104336e+03 1.288968e+03
2.574298e+03 2.774065e+03 3.954772e+02 4.430996e+02
2.574298e+03 2.459201e+03 3.954772e+02 5.449600e+02
2.574298e+03 2.505070e+03 3.954772e+02 2.749987e+02
3.625879e+02 2.312809e+02 2.397652e+03 2.645771e+03
3.625879e+02 4.547498e+02 2.397652e+03 2.623738e+03
3.625879e+02 2.398978e+02 2.397652e+03 2.395380e+03
3.625879e+02 4.598062e+02 2.397652e+03 2.395668e+03
3.795710e+03 3.785463e+03 2.855969e+03 2.603089e+03
3.795710e+03 3.987982e+03 2.855969e+03 2.773153e+03
3.795710e+03 3.653002e+03 2.855969e+03 2.833666e+03
3.795710e+03 3.942756e+03 2.855969e+03 2.889192e+03
1.928904e+03 1.933902e+03 8.598725e+02 1.056607e+03
1.928904e+03 1.807968e+03 8.598725e+02 7.498609e+02
1.928904e+03 2.125682e+03 8.598725e+02 8.930874e+02
1.928904e+03 2.023890e+03 8.598725e+02 7.494471e+02
3.338170e+02 2.785904e+02 3.346634e+02 3.623548e+02
3.338170e+02 4.177755e+02 3.346634e+02 2.023836e+02
3.295813e+03 3.268268e+03 9.768678e+02 1.164877e+03
3.295813e+03 3.141697e+03 9.768678e+02 8.975393e+02
3.295813e+03 3.162627e+03 9.768678e+02 1.074232e+03
3.295813e+03 3.379157e+03 9.768678e+02 8.351417e+02
7.082670e+02 5.515887e+02 3.919155e+02 3.101476e+02
7.082670e+02 5.805416e+02 3.919155e+02 2.148425e+02
7.082670e+02 7.854933e+02 3.919155e+02 3.469716e+02
3.034652e+03 3.138552e+03 1.734869e+03 1.611199e+03
3.034652e+03 2.952395e+03 1.734869e+03 1.904346e+03
3.034652e+03 3.152762e+03 1.734869e+03 1.879322e+03
3.034652e+03 2.920705e+03 1.734869e+03 1.711214e+03
2.785904e+02 2.578776e+02 3.623548e+02 5.056194e+02
2.363534e+03 2.496585e+03 1.564060e+03 1.447451e+03
2.363534e+03 2.334608e+03 1.564060e+03 1.662539e+03
2.363534e+03 2.298779e+03 1.564060e+03 1.620985e+03
2.283619e+03 2.459201e+03 4.053679e+02 5.449600e+02
2.283619e+03 2.505070e+03 4.053679e+02 2.749987e+02
2.283619e+03 2.251114e+03 4.053679e+02 2.341900e+02
2.283619e+03 2.134381e+03 4.053679e+02 3.662797e+02
1.666092e+03 1.503574e+03 1.675261e+03 1.705626e+03
1.666092e+03 1.611546e+03 1.675261e+03 1.619853e+03
1.666092e+03 1.725609e+03 1.675261e+03 1.574695e+03
1.666092e+03 1.727957e+03 1.675261e+03 1.666184e+03
4.084703e+03 3.810608e+03 1.012142e+03 9.027176e+02
4.084703e+03 3.937542e+03 1.012142e+03 1.095009e+03
4.084703e+03 4.043397e+03 1.012142e+03 9.363300e+02
2.648211e+03 2.774065e+03 6.570674e+02 4.430996e+02
2.648211e+03 2.459201e+03 6.570674e+02 5.449600e+02
2.648211e+03 2.527133e+03 6.570674e+02 7.313266e+02
2.648211e+03 2.476949e+03 6.570674e+02 7.690283e+02
5.515887e+02 4.177755e+02 3.101476e+02 2.023836e+02
5.515887e+02 5.805416e+02 3.101476e+02 2.148425e+02
3.576947e+03 3.753465e+03 1.006792e+03 1.066509e+03
3.576947e+03 3.503374e+03 1.006792e+03 1.120535e+03
1.098042e+03 1.122135e+03 8.707949e+02 6.805227e+02
1.098042e+03 1.231929e+03 8.707949e+02 7.841318e+02
1.098042e+03 9.523953e+02 8.707949e+02 8.096060e+02
1.098042e+03 1.162473e+03 8.707949e+02 9.221552e+02
7.208898e+01 7.365288e+01 1.605526e+03 1.472439e+03
6.338134e+02 5.805416e+02 7.744470e+01 2.148425e+02
6.338134e+02 5.257944e+02 7.744470e+01 1.399141e+02
3.983105e+03 3.992005e+03 1.927983e+03 1.754891e+03
3.983105e+03 3.799249e+03 1.927983e+03 1.805074e+03
3.785463e+03 3.503627e+03 2.603089e+03 2.535855e+03
3.785463e+03 3.971530e+03 2.603089e+03 2.653395e+03
3.785463e+03 3.583406e+03 2.603089e+03 2.432905e+03
3.785463e+03 3.601467e+03 2.603089e+03 2.748693e+03
4.177755e+02 3.247611e+02 2.023836e+02 1.287628e+02
4.177755e+02 5.257944e+02 2.023836e+02 1.399141e+02
1.109367e+03 1.083656e+03 2.427789e+03 2.268172e+03
1.109367e+03 1.291278e+03 2.427789e+03 2.586932e+03
1.109367e+03 1.222139e+03 2.427789e+03 2.410051e+03
1.221024e+03 1.082026e+03 1.355517e+03 1.372299e+03
1.221024e+03 1.172578e+03 1.355517e+03 1.611992e+03
1.221024e+03 1.325869e+03 1.355517e+03 1.482846e+03
1.221024e+03 1.148545e+03 1.355517e+03 1.547122e+03
1.221024e+03 1.257562e+03 1.355517e+03 1.245385e+03
3.992005e+03 3.799249e+03 1.754891e+03 1.805074e+03
3.992005e+03 3.932217e+03 1.754891e+03 1.671698e+03
3.895880e+03 4.001669e+03 2.992329e+02 2.635266e+02
3.138552e+03 3.368954e+03 1.611199e+03 1.611360e+03
3.138552e+03 3.186553e+03 1.611199e+03 1.628917e+03
3.476923e+03 3.379157e+03 6.900358e+02 8.351417e+02
2.887442e+02 2.504195e+02 8.081882e+02 8.958347e+02
2.887442e+02 3.601749e+02 8.081882e+02 8.541398e+02
3.512145e+02 2.312809e+02 2.724779e+03 2.645771e+03
3.512145e+02 4.547498e+02 2.724779e+03 2.623738e+03
1.585863e+03 1.364322e+03 2.500728e+02 2.943836e+02
1.585863e+03 1.805127e+03 2.500728e+02 3.325626e+02
1.585863e+03 1.459404e+03 2.500728e+02 1.929064e+02
2.483938e+03 2.712207e+03 2.361789e+03 2.585159e+03
2.483938e+03 2.378087e+03 2.361789e+03 2.338546e+03
2.483938e+03 2.449298e+03 2.361789e+03 2.548101e+03
6.384042e+02 8.142406e+02 2.813118e+03 2.852004e+03
6.384042e+02 6.796253e+02 2.813118e+03 2.587349e+03
6.384042e+02 5.281993e+02 2.813118e+03 2.798305e+03
2.950681e+03 2.731472e+03 2.352817e+03 2.392256e+03
2.950681e+03 3.083946e+03 2.352817e+03 2.296600e+03
2.950681e+03 2.972912e+03 2.352817e+03 2.405505e+03
1.806340e+03 1.725609e+03 1.454359e+03 1.574695e+03
1.806340e+03 1.851883e+03 1.454359e+03 1.557015e+03
1.933902e+03 2.068219e+03 1.056607e+03 1.150742e+03
2.731472e+03 2.712207e+03 2.392256e+03 2.585159e+03
2.731472e+03 2.808813e+03 2.392256e+03 2.555199e+03
4.001669e+03 4.055020e+03 2.635266e+02 3.052302e+02
2.774065e+03 2.890628e+03 4.430996e+02 2.684032e+02
2.774065e+03 2.881705e+03 4.430996e+02 4.760322e+02
2.102689e+03 1.911977e+03 1.752768e+03 1.640902e+03
2.102689e+03 2.233620e+03 1.752768e+03 1.666008e+03
8.382678e+02 9.705611e+02 2.067108e+03 2.071772e+03
8.382678e+02 8.642093e+02 2.067108e+03 2.197404e+03
3.394465e+03 3.620369e+03 3.156384e+02 2.589345e+02
3.394465e+03 3.392187e+03 3.156384e+02 2.484969e+02
1.082026e+03 9.551705e+02 1.372299e+03 1.327526e+03
1.082026e+03 1.148545e+03 1.372299e+03 1.547122e+03
1.503574e+03 1.423855e+03 1.705626e+03 1.913411e+03
1.503574e+03 1.502008e+03 1.705626e+03 1.526658e+03
1.503574e+03 1.571643e+03 1.705626e+03 1.603751e+03
1.503574e+03 1.378872e+03 1.705626e+03 1.706719e+03
1.503574e+03 1.546234e+03 1.705626e+03 1.570490e+03
3.250567e+02 2.670686e+02 1.412785e+03 1.301731e+03
3.250567e+02 1.984590e+02 1.412785e+03 1.345109e+03
2.459201e+03 2.527133e+03 5.449600e+02 7.313266e+02
2.712207e+03 2.558440e+03 2.585159e+03 2.795513e+03
2.712207e+03 2.808813e+03 2.585159e+03 2.555199e+03
3.620369e+03 3.689569e+03 2.589345e+02 2.774649e+02
2.558440e+03 2.442971e+03 2.795513e+03 2.889202e+03
2.558440e+03 2.452152e+03 2.795513e+03 2.792967e+03
9.836652e+02 7.934779e+02 1.826665e+03 1.775750e+03
9.836652e+02 9.724103e+02 1.826665e+03 1.928128e+03
1.495744e+03 1.326692e+03 2.575737e+03 2.803322e+03
1.495744e+03 1.291278e+03 2.575737e+03 2.586932e+03
1.495744e+03 1.463789e+03 2.575737e+03 2.812739e+03
2.312809e+02 1.264367e+02 2.645771e+03 2.707669e+03
1.071556e+03 9.724103e+02 2.050429e+03 1.928128e+03
1.071556e+03 9.705611e+02 2.050429e+03 2.071772e+03
1.071556e+03 1.075907e+03 2.050429e+03 2.153587e+03
8.975505e+01 1.881178e+02 2.794311e+02 1.965435e+02
8.975505e+01 1.139937e+02 2.794311e+02 4.155320e+02
2.496585e+03 2.643736e+03 1.447451e+03 1.500484e+03
3.915115e+03 4.050060e+03 6.461390e+02 6.841186e+02
3.915115e+03 3.759660e+03 6.461390e+02 7.134587e+02
3.503627e+03 3.583406e+03 2.535855e+03 2.432905e+03
3.799249e+03 3.932217e+03 1.805074e+03 1.671698e+03
3.799249e+03 3.720254e+03 1.805074e+03 1.934510e+03
2.643736e+03 2.736155e+03 1.500484e+03 1.288968e+03
2.643736e+03 2.734774e+03 1.500484e+03 1.597157e+03
2.505070e+03 2.672629e+03 2.749987e+02 1.685282e+02
2.505070e+03 2.565467e+03 2.749987e+02 1.479858e+02
2.505070e+03 2.485145e+03 2.749987e+02 2.374184e+02
2.973482e+03 2.890628e+03 4.767182e+02 2.684032e+02
2.973482e+03 2.881705e+03 4.767182e+02 4.760322e+02
3.753465e+03 3.810608e+03 1.066509e+03 9.027176e+02
6.776268e+02 6.124505e+02 1.008477e+03 1.209967e+03
6.776268e+02 7.037017e+02 1.008477e+03 1.162515e+03
6.776268e+02 7.449173e+02 1.008477e+03 8.899917e+02
6.776268e+02 6.408156e+02 1.008477e+03 8.848284e+02
1.172578e+03 1.148545e+03 1.611992e+03 1.547122e+03
1.083656e+03 9.503003e+02 2.268172e+03 2.287200e+03
1.083656e+03 1.075907e+03 2.268172e+03 2.153587e+03
2.251114e+03 2.178001e+03 2.341900e+02 1.094966e+02
2.251114e+03 2.139274e+03 2.341900e+02 2.033652e+02
2.178001e+03 2.139274e+03 1.094966e+02 2.033652e+02
2.178001e+03 2.112087e+03 1.094966e+02 1.506965e+02
1.469969e+03 1.633105e+03 9.992050e+02 1.015263e+03
1.469969e+03 1.257136e+03 9.992050e+02 1.044572e+03
1.469969e+03 1.489374e+03 9.992050e+02 8.946947e+02
1.195429e+03 1.079887e+03 2.084131e+02 2.184324e+02
1.633105e+03 1.652134e+03 1.015263e+03 1.142915e+03
1.633105e+03 1.489374e+03 1.015263e+03 8.946947e+02
5.937786e+02 7.449173e+02 7.235193e+02 8.899917e+02
5.937786e+02 4.703870e+02 7.235193e+02 5.125756e+02
5.937786e+02 6.408156e+02 7.235193e+02 8.848284e+02
2.540517e+03 2.527133e+03 9.299522e+02 7.313266e+02
2.540517e+03 2.417524e+03 9.299522e+02 8.001068e+02
2.540517e+03 2.647389e+03 9.299522e+02 1.069043e+03
2.540517e+03 2.476949e+03 9.299522e+02 7.690283e+02
3.268268e+03 3.162627e+03 1.164877e+03 1.074232e+03
6.124505e+02 7.037017e+02 1.209967e+03 1.162515e+03
6.124505e+02 7.276456e+02 1.209967e+03 1.411210e+03
6.124505e+02 5.706745e+02 1.209967e+03 1.337322e+03
1.005217e+02 1.420110e+02 1.047167e+03 1.141897e+03
1.005217e+02 1.363431e+02 1.047167e+03 9.514160e+02
3.010029e+03 2.941650e+03 2.561018e+03 2.614071e+03
3.010029e+03 2.995496e+03 2.561018e+03 2.458711e+03
1.904545e+03 1.802829e+03 2.528387e+03 2.741605e+03
1.904545e+03 1.789310e+03 2.528387e+03 2.565612e+03
3.932217e+03 3.967314e+03 1.671698e+03 1.572018e+03
3.971530e+03 3.987982e+03 2.653395e+03 2.773153e+03
3.971530e+03 4.016417e+03 2.653395e+03 2.542315e+03
3.810608e+03 3.759660e+03 9.027176e+02 7.134587e+02
2.116012e+03 2.080880e+03 2.609832e+02 2.416608e+02
2.116012e+03 2.139274e+03 2.609832e+02 2.033652e+02
2.116012e+03 2.134381e+03 2.609832e+02 3.662797e+02
2.815596e+03 2.920705e+03 1.700126e+03 1.711214e+03
2.815596e+03 2.734774e+03 1.700126e+03 1.597157e+03
1.326692e+03 1.291278e+03 2.803322e+03 2.586932e+03
1.326692e+03 1.463789e+03 2.803322e+03 2.812739e+03
2.238184e+03 2.442971e+03 2.873156e+03 2.889202e+03
2.238184e+03 2.336797e+03 2.873156e+03 2.710119e+03
2.238184e+03 2.357252e+03 2.873156e+03 2.809948e+03
2.238184e+03 2.175941e+03 2.873156e+03 2.780940e+03
1.420110e+02 2.154005e+02 1.141897e+03 1.159909e+03
3.189697e+03 3.083946e+03 2.217204e+03 2.296600e+03
3.189697e+03 3.228766e+03 2.217204e+03 2.157620e+03
1.291278e+03 1.222139e+03 2.586932e+03 2.410051e+03
3.987982e+03 4.039828e+03 2.773153e+03 2.829914e+03
3.987982e+03 3.942756e+03 2.773153e+03 2.889192e+03
2.670686e+02 1.984590e+02 1.301731e+03 1.345109e+03
1.949563e+03 1.730548e+03 2.157894e+03 2.084507e+03
1.949563e+03 1.994144e+03 2.157894e+03 2.221952e+03
1.949563e+03 1.913661e+03 2.157894e+03 2.193158e+03
1.348760e+03 1.262272e+03 6.795822e+02 6.412336e+02
1.348760e+03 1.231929e+03 6.795822e+02 7.841318e+02
3.720254e+03 3.540400e+03 1.934510e+03 1.959431e+03
3.068236e+03 3.162627e+03 1.114382e+03 1.074232e+03
7.934779e+02 5.682403e+02 1.775750e+03 1.785104e+03
7.934779e+02 5.700869e+02 1.775750e+03 1.877087e+03
2.952395e+03 2.922971e+03 1.904346e+03 2.026852e+03
2.952395e+03 3.152762e+03 1.904346e+03 1.879322e+03
1.766870e+03 1.802829e+03 2.899227e+03 2.741605e+03
1.766870e+03 1.640320e+03 2.899227e+03 2.909089e+03
3.653002e+03 3.569888e+03 2.833666e+03 2.874775e+03
1.730548e+03 1.712837e+03 2.084507e+03 2.097869e+03
3.141697e+03 3.054396e+03 8.975393e+02 8.417915e+02
3.996651e+02 2.578776e+02 5.332789e+02 5.056194e+02
3.996651e+02 4.703870e+02 5.332789e+02 5.125756e+02
2.080880e+03 2.050582e+03 2.416608e+02 1.491648e+02
2.139274e+03 2.112087e+03 2.033652e+02 1.506965e+02
1.911977e+03 1.851883e+03 1.640902e+03 1.557015e+03
1.911977e+03 1.789263e+03 1.640902e+03 1.657786e+03
3.368954e+03 3.319391e+03 1.611360e+03 1.653963e+03
6.796253e+02 6.175539e+02 2.587349e+03 2.475399e+03
3.054396e+03 2.984461e+03 8.417915e+02 8.653053e+02
1.807968e+03 1.829707e+03 7.498609e+02 6.212934e+02
4.031485e+03 3.927285e+03 2.334003e+03 2.228866e+03
1.881178e+02 2.450342e+02 1.965435e+02 1.630340e+02
2.450342e+02 3.247611e+02 1.630340e+02 1.287628e+02
2.442971e+03 2.357252e+03 2.889202e+03 2.809948e+03
2.442971e+03 2.452152e+03 2.889202e+03 2.792967e+03
4.000925e+03 4.031759e+03 1.348330e+03 1.470562e+03
1.996618e+02 2.012803e+02 1.886938e+03 1.992365e+03
1.996618e+02 2.866667e+02 1.886938e+03 1.792627e+03
9.551705e+02 9.336869e+02 1.327526e+03 1.154464e+03
9.551705e+02 8.693731e+02 1.327526e+03 1.132577e+03
9.551705e+02 8.347819e+02 1.327526e+03 1.356545e+03
2.125682e+03 2.023890e+03 8.930874e+02 7.494471e+02
9.432171e+02 1.079887e+03 2.136579e+02 2.184324e+02
1.644233e+03 1.829707e+03 5.816194e+02 6.212934e+02
1.946577e+03 1.805127e+03 1.646576e+02 3.325626e+02
1.946577e+03 1.867379e+03 1.646576e+02 1.458726e+02
1.946577e+03 2.004583e+03 1.646576e+02 1.734457e+02
2.449298e+03 2.357043e+03 2.548101e+03 2.569485e+03
1.122135e+03 1.231929e+03 6.805227e+02 7.841318e+02
2.012803e+02 3.274096e+02 1.992365e+03 2.082435e+03
1.502008e+03 1.325869e+03 1.526658e+03 1.482846e+03
1.502008e+03 1.546234e+03 1.526658e+03 1.570490e+03
2.440128e+03 2.318522e+03 1.939112e+03 1.909440e+03
2.440128e+03 2.349321e+03 1.939112e+03 2.098946e+03
2.440128e+03 2.533039e+03 1.939112e+03 2.002761e+03
2.672629e+03 2.770505e+03 1.685282e+02 1.108015e+02
2.672629e+03 2.565467e+03 1.685282e+02 1.479858e+02
2.527133e+03 2.417524e+03 7.313266e+02 8.001068e+02
2.527133e+03 2.476949e+03 7.313266e+02 7.690283e+02
2.233620e+03 2.310781e+03 1.666008e+03 1.736211e+03
2.233620e+03 2.298779e+03 1.666008e+03 1.620985e+03
1.571643e+03 1.611546e+03 1.603751e+03 1.619853e+03
1.571643e+03 1.546234e+03 1.603751e+03 1.570490e+03
9.336869e+02 8.693731e+02 1.154464e+03 1.132577e+03
2.336797e+03 2.357252e+03 2.710119e+03 2.809948e+03
2.336797e+03 2.357043e+03 2.710119e+03 2.569485e+03
1.264367e+02 1.210755e+02 2.707669e+03 2.745843e+03
2.941650e+03 2.808813e+03 2.614071e+03 2.555199e+03
2.357252e+03 2.452152e+03 2.809948e+03 2.792967e+03
1.802829e+03 1.789310e+03 2.741605e+03 2.565612e+03
4.031759e+03 4.041179e+03 1.470562e+03 1.526996e+03
4.031759e+03 3.967314e+03 1.470562e+03 1.572018e+03
4.031759e+03 4.070145e+03 1.470562e+03 1.520859e+03
3.759660e+03 3.685435e+03 7.134587e+02 7.668537e+02
2.504195e+02 3.666059e+02 8.958347e+02 1.024081e+03
2.504195e+02 1.363431e+02 8.958347e+02 9.514160e+02
2.504195e+02 3.601749e+02 8.958347e+02 8.541398e+02
9.503003e+02 8.642093e+02 2.287200e+03 2.197404e+03
4.055020e+03 4.038837e+03 3.052302e+02 1.952729e+02
4.025219e+03 4.043397e+03 8.794669e+02 9.363300e+02
1.230443e+03 1.257136e+03 9.611679e+02 1.044572e+03
1.230443e+03 1.162473e+03 9.611679e+02 9.221552e+02
4.041179e+03 3.967314e+03 1.526996e+03 1.572018e+03
1.652134e+03 1.622356e+03 1.142915e+03 1.169310e+03
3.805128e+03 3.927285e+03 2.284502e+03 2.228866e+03
7.276456e+02 6.336023e+02 1.411210e+03 1.436347e+03
7.276456e+02 8.347819e+02 1.411210e+03 1.356545e+03
3.387309e+03 3.366017e+03 1.361207e+03 1.418692e+03
3.268033e+03 3.228766e+03 2.098032e+03 2.157620e+03
1.069211e+03 1.086936e+03 2.772215e+03 2.793462e+03
2.061171e+03 1.994144e+03 2.230916e+03 2.221952e+03
2.417524e+03 2.476949e+03 8.001068e+02 7.690283e+02
2.417524e+03 2.217219e+03 8.001068e+02 7.303950e+02
2.050582e+03 2.112087e+03 1.491648e+02 1.506965e+02
2.050582e+03 2.004583e+03 1.491648e+02 1.734457e+02
1.725609e+03 1.851883e+03 1.574695e+03 1.557015e+03
1.725609e+03 1.727957e+03 1.574695e+03 1.666184e+03
1.146928e+03 1.104660e+03 2.836849e+03 2.814708e+03
3.666059e+02 3.992293e+02 1.024081e+03 9.622061e+02
2.398978e+02 1.880706e+02 2.395380e+03 2.372975e+03
3.942756e+03 4.019291e+03 2.889192e+03 2.906243e+03
3.573331e+02 2.866667e+02 1.778470e+03 1.792627e+03
5.682403e+02 5.700869e+02 1.785104e+03 1.877087e+03
5.682403e+02 5.210508e+02 1.785104e+03 1.768081e+03
3.540400e+03 3.579632e+03 1.959431e+03 2.031301e+03
2.395944e+03 2.349321e+03 2.172510e+03 2.098946e+03
1.596739e+03 1.659706e+03 2.115879e+03 2.137953e+03
2.984461e+03 2.970212e+03 8.653053e+02 8.461678e+02
3.319391e+03 3.234555e+03 1.653963e+03 1.646635e+03
3.234555e+03 3.186553e+03 1.646635e+03 1.628917e+03
1.659706e+03 1.695127e+03 2.137953e+03 2.111230e+03
2.955978e+03 2.970212e+03 8.269748e+02 8.461678e+02
2.310781e+03 2.334608e+03 1.736211e+03 1.662539e+03
2.625916e+03 2.533039e+03 2.066835e+03 2.002761e+03
3.247611e+02 2.713249e+02 1.287628e+02 7.706848e+01
1.139937e+02 1.366816e+02 4.155320e+02 4.669858e+02
2.334608e+03 2.298779e+03 1.662539e+03 1.620985e+03
1.305159e+02 1.210755e+02 2.793984e+03 2.745843e+03
4.038837e+03 4.038117e+03 1.952729e+02 1.400009e+02
1.789263e+03 1.727957e+03 1.657786e+03 1.666184e+03
2.995496e+03 2.972912e+03 2.458711e+03 2.405505e+03
2.471702e+03 2.485145e+03 2.026084e+02 2.374184e+02
1.874952e+03 1.913661e+03 2.226933e+03 2.193158e+03
1.104660e+03 1.086936e+03 2.814708e+03 2.793462e+03
3.601467e+03 3.509440e+03 2.748693e+03 2.821582e+03
1.695127e+03 1.712837e+03 2.111230e+03 2.097869e+03
